0	-124.302231	1.434013	1
1	-123.096325	1.424433	1
2	-122.440754	1.424457	1
3	-120.766508	1.425909	1
4	-120.707962	1.416205	1
5	-120.573778	1.449942	1
6	-120.280087	1.424329	1
7	-119.648854	1.454023	1
8	-118.943645	1.408756	1
9	-118.871657	1.390692	1
10	-118.789426	1.433231	1
11	-118.611624	1.383271	1
12	-118.547927	1.443895	1
13	-118.427038	1.435299	1
14	-118.33935	1.406262	1
15	-118.129626	1.370821	1
16	-117.499034	1.431479	1
17	-117.372735	1.421655	1
18	-117.280561	1.394844	1
19	-117.277151	1.427081	1
20	-117.272013	1.407473	1
21	-117.26738	1.423088	1
22	-117.256115	1.374144	1
23	-117.251217	1.435651	1
24	-117.049762	1.44946	1
25	-116.680291	1.440526	1
26	-116.657263	1.371246	1
27	-116.599105	1.36805	1
28	-116.585638	1.400552	1
29	-116.581088	1.421974	1
30	-116.39734	1.437791	1
31	-116.397226	1.43779	1
32	-116.397215	1.43779	1
33	-116.397213	1.43779	1
34	-116.397213	1.43779	1
35	-116.397211	1.43779	1
36	-116.397211	1.43779	1
37	-116.397185	1.437789	1
38	-116.391973	1.437629	1
39	-116.391967	1.437629	1
40	-116.391959	1.437629	1
41	-116.391949	1.437629	1
42	-116.391949	1.437629	1
43	-116.391927	1.437629	1
44	-116.391897	1.437628	1
45	-116.391884	1.43763	1
46	-116.187121	1.42408	1
47	-116.072367	1.413016	1
48	-116.072292	1.413016	1
49	-116.072266	1.413016	1
50	-116.072261	1.413015	1
51	-116.072251	1.413015	1
52	-116.072241	1.413015	1
53	-116.072236	1.413015	1
54	-116.072225	1.413015	1
55	-116.043827	1.412837	1
56	-116.043796	1.412836	1
57	-116.043758	1.412836	1
58	-116.043743	1.412836	1
59	-116.009514	1.438419	1
60	-115.992368	1.437735	1
61	-115.857179	1.468556	1
62	-115.818433	1.468447	1
63	-115.814847	1.451285	1
64	-115.806165	1.410678	1
65	-115.702713	1.352362	1
66	-115.645456	1.4432	1
67	-115.586942	1.413378	1
68	-115.47536	1.458344	1
69	-115.393345	1.408759	1
70	-115.273477	1.395551	1
71	-115.239457	1.331455	1
72	-115.184394	1.413522	1
73	-115.184358	1.413522	1
74	-115.184341	1.413522	1
75	-115.184338	1.413523	1
76	-115.184337	1.413521	1
77	-115.184336	1.413522	1
78	-115.184323	1.413522	1
79	-115.175738	1.413467	1
80	-115.175735	1.413467	1
81	-115.175708	1.413467	1
82	-115.161482	1.366722	1
83	-115.00271	1.454472	1
84	-114.968955	1.405353	1
85	-114.967784	1.407103	1
86	-114.967442	1.397028	1
87	-114.863888	1.419227	1
88	-114.73473	1.463493	1
89	-114.733746	1.419108	1
90	-114.73361	1.419104	1
91	-114.710155	1.419003	1
92	-114.710133	1.419004	1
93	-114.710082	1.419002	1
94	-114.702814	1.424116	1
95	-114.67337	1.41602	1
96	-114.646394	1.391975	1
97	-114.640874	1.461472	1
98	-114.567971	1.351407	1
99	-114.333926	1.4399	1
100	-114.291197	1.451896	1
101	-114.222302	1.415409	1
102	-114.202806	1.348015	1
103	-114.196002	1.427464	1
104	-114.190673	1.384877	1
105	-114.137934	1.413694	1
106	-114.028615	1.374517	1
107	-113.973974	1.399106	1
108	-113.940113	1.408038	1
109	-113.917593	1.378937	1
110	-113.910339	1.437347	1
111	-113.907253	1.421249	1
112	-113.858661	1.427349	1
113	-113.854834	1.38775	1
114	-113.832584	1.362049	1
115	-113.812085	1.229042	1
116	-113.739577	1.473302	1
117	-113.715694	1.436741	1
118	-113.671737	1.423593	1
119	-113.662669	1.423539	1
120	-113.650444	1.430639	1
121	-113.623604	1.465345	1
122	-113.59829	1.401268	1
123	-113.586435	1.382132	1
124	-113.474176	1.463062	1
125	-113.470325	1.378623	1
126	-113.455556	1.379215	1
127	-113.427529	1.39674	1
128	-113.401371	1.432366	1
129	-113.391994	1.395831	1
130	-113.321278	1.400959	1
131	-113.263989	1.373235	1
132	-113.197798	1.417458	1
133	-113.182	1.235208	1
134	-113.159692	1.429984	1
135	-113.132278	1.366226	1
136	-113.11007	1.438337	1
137	-113.095757	1.395608	1
138	-113.092216	1.44585	1
139	-113.042774	1.437435	1
140	-113.000522	1.420181	1
141	-112.97825	1.369762	1
142	-112.833412	1.390058	1
143	-112.812374	1.449083	1
144	-112.812315	1.449082	1
145	-112.812306	1.449082	1
146	-112.812305	1.449082	1
147	-112.806096	1.405636	1
148	-112.806064	1.405636	1
149	-112.795061	1.317278	1
150	-112.788495	1.449021	1
151	-112.788241	1.449021	1
152	-112.751533	1.405251	1
153	-112.750988	1.464051	1
154	-112.682802	1.422771	1
155	-112.613997	1.389501	1
156	-112.613015	1.432003	1
157	-112.591648	1.379312	1
158	-112.56542	1.432351	1
159	-112.544008	1.413854	1
160	-112.505648	1.396991	1
161	-112.481598	1.438317	1
162	-112.461033	1.423224	1
163	-112.41591	1.412037	1
164	-112.399635	1.403892	1
165	-112.388243	1.438798	1
166	-112.38689	1.438363	1
167	-112.383235	1.425819	1
168	-112.372712	1.379689	1
169	-112.32729	1.439931	1
170	-112.279212	1.439703	1
171	-112.266064	1.402741	1
172	-112.248409	1.377382	1
173	-112.245046	1.437648	1
174	-112.203849	1.376126	1
175	-112.203012	1.392479	1
176	-112.195595	1.416942	1
177	-112.187095	1.380645	1
178	-112.171492	1.368655	1
179	-112.069107	1.427921	1
180	-112.033281	1.409566	1
181	-112.026952	1.377617	1
182	-112.026576	1.410606	1
183	-111.964035	1.47109	1
184	-111.963999	1.363531	1
185	-111.925021	1.450755	1
186	-111.886107	1.41551	1
187	-111.880161	1.414624	1
188	-111.875022	1.460606	1
189	-111.854095	1.401596	1
190	-111.831749	1.455983	1
191	-111.781264	1.440168	1
192	-111.765822	1.405692	1
193	-111.752857	1.318274	1
194	-111.721487	1.441867	1
195	-111.696599	1.362757	1
196	-111.69272	1.391995	1
197	-111.6617	1.463583	1
198	-111.64166	1.410004	1
199	-111.62707	1.399108	1
200	-111.621301	1.422276	1
201	-111.578746	1.416812	1
202	-111.562282	1.419497	1
203	-111.561907	1.426373	1
204	-111.54391	1.423648	1
205	-111.539253	1.427811	1
206	-111.534188	1.433174	1
207	-111.524299	1.450813	1
208	-111.506704	1.410099	1
209	-111.45386	1.402093	1
210	-111.443022	1.358223	1
211	-111.415469	1.406175	1
212	-111.401165	1.362924	1
213	-111.399075	1.382912	1
214	-111.318501	1.440279	1
215	-111.309012	1.453778	1
216	-111.308441	1.443571	1
217	-111.3058	1.416993	1
218	-111.305416	1.435986	1
219	-111.293838	1.440167	1
220	-111.261482	1.376763	1
221	-111.259814	1.440481	1
222	-111.176825	1.391202	1
223	-111.169217	1.389688	1
224	-111.160813	1.348695	1
225	-111.155653	1.369946	1
226	-111.119031	1.436987	1
227	-111.112929	1.412316	1
228	-111.102764	1.388656	1
229	-111.100569	1.447419	1
230	-111.100543	1.447419	1
231	-111.100529	1.447418	1
232	-111.100517	1.447419	1
233	-111.096281	1.427495	1
234	-111.089409	1.447499	1
235	-111.089403	1.447499	1
236	-111.089382	1.447499	1
237	-111.089376	1.447498	1
238	-111.089361	1.447499	1
239	-111.089325	1.447498	1
240	-111.078865	1.434914	1
241	-111.067434	1.422497	1
242	-111.066068	1.405494	1
243	-111.044085	1.387696	1
244	-111.043548	1.389289	1
245	-111.041014	1.422847	1
246	-110.99708	1.434421	1
247	-110.984182	1.432114	1
248	-110.960157	1.444395	1
249	-110.960129	1.444394	1
250	-110.960118	1.444394	1
251	-110.938182	1.444449	1
252	-110.938161	1.444448	1
253	-110.924145	1.4336	1
254	-110.917772	1.41491	1
255	-110.908016	1.407893	1
256	-110.880055	1.393305	1
257	-110.875795	1.362995	1
258	-110.867432	1.363444	1
259	-110.822814	1.336465	1
260	-110.808629	1.394212	1
261	-110.794679	1.439759	1
262	-110.782767	1.42295	1
263	-110.77844	1.397136	1
264	-110.737297	1.378177	1
265	-110.721341	1.390134	1
266	-110.666976	1.421451	1
267	-110.606948	1.426636	1
268	-110.603889	1.328008	1
269	-110.594242	1.409949	1
270	-110.579926	1.409801	1
271	-110.533416	1.35724	1
272	-110.520656	1.430629	1
273	-110.475389	1.401627	1
274	-110.46492	1.442771	1
275	-110.454578	1.39441	1
276	-110.421755	1.408221	1
277	-110.408861	1.4327	1
278	-110.407007	1.389234	1
279	-110.404228	1.331403	1
280	-110.377749	1.385678	1
281	-110.36177	1.394839	1
282	-110.345279	1.37272	1
283	-110.329427	1.417634	1
284	-110.317415	1.42485	1
285	-110.299365	1.438312	1
286	-110.264695	1.350953	1
287	-110.205063	1.392809	1
288	-110.195752	1.396538	1
289	-110.174283	1.318859	1
290	-110.165938	1.39072	1
291	-110.159641	1.417679	1
292	-110.137757	1.435242	1
293	-110.118128	1.43653	1
294	-110.110079	1.357313	1
295	-110.110038	1.357312	1
296	-110.108582	1.334609	1
297	-110.09073	1.396443	1
298	-110.08369	1.43951	1
299	-110.081062	1.389283	1
300	-110.067702	1.418964	1
301	-110.063221	1.443811	1
302	-110.058126	1.41727	1
303	-110.040795	1.418875	1
304	-110.038792	1.424521	1
305	-110.03432	1.462181	1
306	-110.010856	1.404331	1
307	-110.000043	1.418675	1
308	-109.983652	1.431898	1
309	-109.981846	1.407323	1
310	-109.968435	1.407868	1
311	-109.967969	1.401222	1
312	-109.935791	1.450341	1
313	-109.894364	1.39716	1
314	-109.892716	1.400493	1
315	-109.884393	1.416751	1
316	-109.88302	1.43025	1
317	-109.858681	1.389502	1
318	-109.84852	1.437797	1
319	-109.826209	1.443078	1
320	-109.823438	1.427986	1
321	-109.822584	1.418334	1
322	-109.807814	1.42199	1
323	-109.807068	1.417793	1
324	-109.79581	1.399953	1
325	-109.753406	1.412444	1
326	-109.719452	1.424011	1
327	-109.702407	1.43673	1
328	-109.698964	1.399638	1
329	-109.690426	1.379564	1
330	-109.687436	1.390154	1
331	-109.685327	1.451081	1
332	-109.672108	1.292831	1
333	-109.64063	1.419886	1
334	-109.638045	1.385376	1
335	-109.620366	1.428807	1
336	-109.616959	1.417747	1
337	-109.600885	1.434483	1
338	-109.589499	1.44247	1
339	-109.585932	1.423999	1
340	-109.573016	1.337076	1
341	-109.563286	1.354978	1
342	-109.556444	1.418517	1
343	-109.55484	1.428522	1
344	-109.516366	1.395028	1
345	-109.508481	1.417136	1
346	-109.502441	1.3564	1
347	-109.491669	1.355879	1
348	-109.484322	1.390507	1
349	-109.477676	1.405333	1
350	-109.474129	1.423585	1
351	-109.473296	1.423576	1
352	-109.469248	1.447498	1
353	-109.462961	1.389171	1
354	-109.450763	1.422026	1
355	-109.426324	1.327357	1
356	-109.411813	1.375446	1
357	-109.407659	1.416179	1
358	-109.357358	1.369965	1
359	-109.352304	1.394315	1
360	-109.343387	1.434313	1
361	-109.340013	1.388765	1
362	-109.329591	1.436937	1
363	-109.312806	1.40907	1
