0	-137.739464	1.508476	1
1	-137.729503	1.514382	1
2	-136.838065	1.520954	1
3	-136.717157	1.529403	1
4	-136.652088	1.493973	1
5	-136.560952	1.519847	1
6	-136.530311	1.500869	1
7	-135.97987	1.495666	1
8	-135.782656	1.484486	1
9	-135.766232	1.534601	1
10	-135.740991	1.513904	1
11	-135.639796	1.488585	1
12	-135.631659	1.513877	1
13	-135.436194	1.519613	1
14	-135.32007	1.503793	1
15	-135.139268	1.51868	1
16	-134.808057	1.499822	1
17	-134.739861	1.483897	1
18	-134.70891	1.514853	1
19	-134.685151	1.54552	1
20	-134.454467	1.486906	1
21	-134.380934	1.471555	1
22	-134.276634	1.475266	1
23	-134.181824	1.535267	1
24	-134.172603	1.497358	1
25	-134.102475	1.494326	1
26	-133.980799	1.502504	1
27	-133.94968	1.486983	1
28	-133.817857	1.466768	1
29	-133.785736	1.488986	1
30	-133.537439	1.496896	1
31	-133.424218	1.481588	1
32	-133.408289	1.488515	1
33	-133.204393	1.494647	1
34	-133.176374	1.471672	1
35	-133.135538	1.489276	1
36	-133.12852	1.493198	1
37	-133.103791	1.466927	1
38	-132.930879	1.478625	1
39	-132.876823	1.496677	1
40	-132.794972	1.497372	1
41	-132.723469	1.456905	1
42	-132.688024	1.512399	1
43	-132.648049	1.498677	1
44	-132.63343	1.519678	1
45	-132.605405	1.480655	1
46	-132.598175	1.459281	1
47	-132.562741	1.51103	1
48	-132.528101	1.522754	1
49	-132.456414	1.501033	1
50	-132.446525	1.486223	1
51	-132.343586	1.49258	1
52	-132.3317	1.490713	1
53	-132.325217	1.477167	1
54	-132.311483	1.500409	1
55	-132.255541	1.489953	1
56	-132.240451	1.515322	1
57	-132.226509	1.511282	1
58	-132.169639	1.491069	1
59	-132.142197	1.499979	1
60	-131.985536	1.498347	1
61	-131.934357	1.465211	1
62	-131.874959	1.502207	1
63	-131.793995	1.507564	1
64	-131.783116	1.47846	1
65	-131.759695	1.502822	1
66	-131.741991	1.517342	1
67	-131.708404	1.502475	1
68	-131.695447	1.475481	1
69	-131.694057	1.485387	1
70	-131.687649	1.477585	1
71	-131.637608	1.490133	1
72	-131.627695	1.496657	1
73	-131.580614	1.460588	1
74	-131.557994	1.477678	1
75	-131.465908	1.460057	1
76	-131.446806	1.470855	1
77	-131.437776	1.485871	1
78	-131.425109	1.492834	1
79	-131.390687	1.537502	1
80	-131.386484	1.489136	1
81	-131.346536	1.529718	1
82	-131.282059	1.513083	1
83	-131.269587	1.526367	1
84	-131.250916	1.464622	1
85	-131.238942	1.47143	1
86	-131.17594	1.479089	1
87	-131.1498	1.474932	1
88	-131.135795	1.476762	1
89	-131.095766	1.518651	1
90	-131.062948	1.424956	1
91	-131.049825	1.492538	1
92	-131.017072	1.484683	1
93	-131.009062	1.5186	1
94	-130.896135	1.50434	1
95	-130.841398	1.488844	1
96	-130.819361	1.498504	1
97	-130.801939	1.510214	1
98	-130.769094	1.486493	1
99	-130.746561	1.49528	1
100	-130.74615	1.47451	1
101	-130.725645	1.500711	1
102	-130.719422	1.457091	1
103	-130.71416	1.496964	1
104	-130.707346	1.461925	1
105	-130.698135	1.485011	1
106	-130.698127	1.48501	1
107	-130.674332	1.484916	1
108	-130.663596	1.487257	1
109	-130.661575	1.505175	1
110	-130.63993	1.468081	1
111	-130.634506	1.518061	1
112	-130.633833	1.494968	1
113	-130.633501	1.479017	1
114	-130.627946	1.507426	1
115	-130.627874	1.426126	1
116	-130.616344	1.485373	1
117	-130.576076	1.483752	1
118	-130.565646	1.429748	1
119	-130.545724	1.471005	1
120	-130.502311	1.447748	1
121	-130.452593	1.468904	1
122	-130.444724	1.505714	1
123	-130.410144	1.507801	1
124	-130.409371	1.445127	1
125	-130.409329	1.445127	1
126	-130.39819	1.489571	1
127	-130.394471	1.444965	1
128	-130.386196	1.502793	1
129	-130.385024	1.516272	1
130	-130.375867	1.502756	1
131	-130.364555	1.495292	1
132	-130.359194	1.517585	1
133	-130.339824	1.445036	1
134	-130.225582	1.489917	1
135	-130.184469	1.482251	1
136	-130.156516	1.487308	1
137	-130.152324	1.50057	1
138	-130.145151	1.50441	1
139	-130.118949	1.490184	1
140	-130.117047	1.499746	1
141	-130.115322	1.485196	1
142	-130.068807	1.529643	1
143	-130.049565	1.50979	1
144	-130.041874	1.515001	1
145	-129.981421	1.463331	1
146	-129.972381	1.481362	1
147	-129.969734	1.503317	1
148	-129.945603	1.477501	1
149	-129.917381	1.487867	1
150	-129.888947	1.491929	1
151	-129.808324	1.503401	1
152	-129.804454	1.490234	1
153	-129.803666	1.465872	1
154	-129.800362	1.4929	1
155	-129.781813	1.502806	1
156	-129.769953	1.50334	1
157	-129.762404	1.480379	1
158	-129.753367	1.448041	1
159	-129.693972	1.489549	1
160	-129.688101	1.484556	1
161	-129.683202	1.474663	1
162	-129.67314	1.451236	1
163	-129.652326	1.463401	1
164	-129.571185	1.503189	1
165	-129.570934	1.461706	1
166	-129.570728	1.514273	1
167	-129.564974	1.460984	1
168	-129.554514	1.481722	1
169	-129.545096	1.494809	1
170	-129.528664	1.526712	1
171	-129.521611	1.514048	1
172	-129.521569	1.514048	1
173	-129.506434	1.462294	1
174	-129.499895	1.514026	1
175	-129.494546	1.503237	1
176	-129.486036	1.488636	1
177	-129.484063	1.471049	1
178	-129.474595	1.508036	1
179	-129.474367	1.469262	1
180	-129.410705	1.468567	1
181	-129.403063	1.506944	1
182	-129.400948	1.501817	1
183	-129.376708	1.442979	1
184	-129.37562	1.44472	1
185	-129.374709	1.51044	1
186	-129.362627	1.483038	1
187	-129.361	1.448211	1
188	-129.344269	1.414709	1
189	-129.326166	1.44649	1
190	-129.317965	1.462713	1
191	-129.31116	1.45255	1
192	-129.31006	1.487735	1
193	-129.29034	1.47921	1
194	-129.273841	1.481497	1
195	-129.264428	1.500417	1
196	-129.240167	1.518694	1
197	-129.227514	1.494124	1
198	-129.224322	1.488922	1
199	-129.215099	1.49887	1
200	-129.15904	1.495754	1
201	-129.13636	1.487576	1
202	-129.103091	1.48145	1
203	-129.091736	1.483521	1
204	-129.086581	1.479075	1
205	-129.075355	1.496656	1
206	-128.952125	1.479612	1
207	-128.942775	1.489053	1
208	-128.929275	1.449631	1
209	-128.907866	1.425087	1
210	-128.892154	1.468207	1
211	-128.866096	1.50862	1
212	-128.86394	1.506571	1
213	-128.819743	1.491153	1
214	-128.815903	1.500871	1
215	-128.794291	1.51139	1
216	-128.774664	1.478675	1
217	-128.772661	1.482292	1
218	-128.772491	1.463781	1
219	-128.749248	1.497031	1
220	-128.735011	1.504373	1
221	-128.728684	1.436382	1
222	-128.72717	1.506103	1
223	-128.725853	1.461745	1
224	-128.701297	1.51336	1
225	-128.687198	1.476363	1
226	-128.666778	1.483124	1
227	-128.660886	1.471872	1
228	-128.658209	1.454534	1
229	-128.648879	1.502975	1
230	-128.645638	1.518093	1
231	-128.611667	1.421447	1
232	-128.592803	1.458876	1
233	-128.585203	1.489242	1
234	-128.579673	1.506948	1
235	-128.563044	1.492201	1
236	-128.53685	1.490238	1
237	-128.534343	1.467584	1
238	-128.529727	1.440243	1
239	-128.506931	1.425766	1
240	-128.498413	1.477651	1
241	-128.498129	1.49822	1
242	-128.47218	1.51236	1
243	-128.461119	1.499333	1
244	-128.454227	1.503004	1
245	-128.425716	1.494186	1
246	-128.4222	1.45925	1
247	-128.418463	1.480914	1
248	-128.41236	1.469997	1
249	-128.410281	1.494994	1
250	-128.406697	1.467509	1
251	-128.394078	1.453836	1
252	-128.386802	1.484061	1
253	-128.378593	1.469807	1
254	-128.350013	1.481922	1
255	-128.316132	1.529319	1
256	-128.310922	1.50247	1
257	-128.285124	1.456018	1
258	-128.283559	1.448686	1
259	-128.274931	1.437456	1
260	-128.259942	1.496842	1
261	-128.242451	1.466637	1
262	-128.232403	1.446304	1
263	-128.193335	1.452386	1
264	-128.193016	1.480292	1
265	-128.192959	1.470484	1
266	-128.186284	1.473719	1
267	-128.181064	1.404328	1
268	-128.1629	1.514458	1
269	-128.154692	1.505702	1
270	-128.152839	1.435592	1
271	-128.145935	1.463015	1
272	-128.131996	1.469898	1
273	-128.097763	1.472527	1
274	-128.089641	1.496614	1
275	-128.089192	1.490318	1
276	-128.079519	1.480222	1
277	-128.071765	1.510053	1
278	-128.0713	1.437994	1
279	-128.06433	1.493886	1
280	-128.059199	1.487162	1
281	-128.0519	1.480485	1
282	-128.039333	1.526686	1
283	-128.037284	1.4803	1
284	-128.033628	1.462798	1
285	-128.022871	1.499019	1
286	-128.002081	1.488861	1
287	-127.985516	1.487356	1
288	-127.982244	1.492075	1
289	-127.97967	1.484833	1
290	-127.976519	1.473768	1
291	-127.962502	1.5095	1
292	-127.960925	1.45416	1
293	-127.960514	1.452479	1
294	-127.940202	1.501125	1
295	-127.928494	1.454038	1
296	-127.927842	1.453038	1
297	-127.927767	1.492215	1
298	-127.92504	1.478666	1
299	-127.919895	1.46776	1
300	-127.91549	1.495257	1
301	-127.905026	1.509273	1
302	-127.888917	1.460401	1
303	-127.878846	1.463848	1
304	-127.87324	1.444852	1
305	-127.870469	1.48076	1
306	-127.866218	1.467091	1
307	-127.854175	1.471317	1
308	-127.842851	1.466	1
309	-127.836434	1.467234	1
310	-127.835579	1.489928	1
311	-127.832422	1.463556	1
312	-127.808869	1.460885	1
313	-127.784476	1.475754	1
314	-127.755675	1.48468	1
315	-127.75428	1.457022	1
316	-127.743922	1.496834	1
317	-127.738083	1.468443	1
318	-127.736869	1.483607	1
319	-127.736287	1.492715	1
320	-127.736271	1.492715	1
321	-127.736271	1.492714	1
322	-127.736269	1.492714	1
323	-127.736268	1.492714	1
324	-127.736267	1.492715	1
325	-127.736267	1.492714	1
326	-127.736266	1.492714	1
327	-127.736266	1.492715	1
328	-127.736266	1.492715	1
329	-127.736266	1.492714	1
330	-127.736265	1.492715	1
331	-127.736264	1.492714	1
332	-127.736264	1.492714	1
333	-127.736259	1.492714	1
334	-127.736257	1.492715	1
335	-127.736248	1.492714	1
336	-127.736237	1.492715	1
337	-127.736223	1.492715	1
338	-127.736124	1.492714	1
339	-127.734342	1.446488	1
340	-127.733367	1.492723	1
341	-127.732958	1.457402	1
342	-127.732394	1.492714	1
343	-127.729671	1.492621	1
344	-127.726646	1.492629	1
345	-127.726638	1.492629	1
346	-127.726637	1.492629	1
347	-127.726634	1.492629	1
348	-127.726631	1.492629	1
349	-127.72663	1.492629	1
350	-127.726627	1.49263	1
351	-127.726625	1.492629	1
352	-127.726625	1.492629	1
353	-127.726623	1.492629	1
354	-127.726614	1.492629	1
355	-127.726613	1.492629	1
356	-127.726586	1.492629	1
357	-127.723718	1.472206	1
358	-127.716524	1.466181	1
359	-127.696738	1.469338	1
360	-127.69161	1.404589	1
361	-127.682305	1.469006	1
362	-127.673498	1.497676	1
363	-127.658639	1.420539	1
364	-127.657448	1.489004	1
365	-127.653817	1.501274	1
366	-127.631688	1.470384	1
367	-127.630574	1.457082	1
368	-127.625283	1.460378	1
369	-127.625273	1.460378	1
370	-127.622928	1.460402	1
371	-127.612773	1.497008	1
372	-127.59846	1.465709	1
373	-127.590435	1.48022	1
374	-127.576805	1.455607	1
375	-127.567278	1.474688	1
376	-127.549509	1.47829	1
377	-127.548155	1.450065	1
378	-127.539278	1.445759	1
379	-127.529733	1.417745	1
380	-127.523265	1.528366	1
381	-127.521089	1.461179	1
382	-127.51422	1.481298	1
383	-127.509753	1.456087	1
384	-127.508264	1.484256	1
385	-127.506646	1.486454	1
386	-127.506122	1.486236	1
387	-127.502806	1.49925	1
388	-127.499168	1.478359	1
389	-127.493229	1.505274	1
390	-127.491113	1.465539	1
391	-127.467821	1.456971	1
392	-127.450381	1.476551	1
393	-127.443996	1.461324	1
394	-127.383233	1.479388	1
395	-127.382793	1.4991	1
396	-127.382134	1.492083	1
397	-127.375735	1.485974	1
398	-127.365293	1.460501	1
399	-127.361159	1.437426	1
400	-127.357261	1.452466	1
401	-127.350759	1.468953	1
402	-127.320431	1.532511	1
403	-127.309668	1.501474	1
404	-127.301016	1.458746	1
405	-127.270889	1.485284	1
406	-127.262256	1.486518	1
407	-127.259259	1.430673	1
408	-127.245547	1.489468	1
409	-127.241606	1.482965	1
410	-127.230488	1.466631	1
411	-127.227163	1.478496	1
412	-127.225775	1.442841	1
413	-127.221791	1.414387	1
414	-127.218551	1.473241	1
415	-127.186588	1.464441	1
416	-127.162532	1.498181	1
417	-127.154139	1.490646	1
418	-127.134993	1.46358	1
419	-127.109968	1.477204	1
420	-127.109444	1.493711	1
421	-127.109097	1.503103	1
422	-127.095012	1.438149	1
423	-127.087167	1.441653	1
424	-127.083417	1.489313	1
425	-127.069864	1.482741	1
426	-127.055018	1.459937	1
427	-127.030662	1.410819	1
428	-126.993684	1.434835	1
429	-126.978281	1.476973	1
430	-126.972648	1.431709	1
431	-126.967746	1.466666	1
432	-126.95936	1.437147	1
433	-126.955829	1.468752	1
434	-126.943532	1.472797	1
435	-126.936819	1.464956	1
436	-126.93041	1.488256	1
437	-126.925648	1.400411	1
438	-126.919438	1.464617	1
439	-126.908952	1.440948	1
440	-126.893298	1.479525	1
441	-126.887758	1.483703	1
442	-126.887613	1.472526	1
443	-126.873772	1.462165	1
444	-126.864281	1.447518	1
445	-126.857247	1.495175	1
446	-126.853242	1.459865	1
447	-126.840351	1.474353	1
448	-126.833974	1.518149	1
449	-126.828012	1.49822	1
450	-126.823982	1.462611	1
451	-126.817702	1.439283	1
452	-126.81671	1.471769	1
453	-126.806808	1.464428	1
454	-126.802733	1.465642	1
455	-126.801142	1.443379	1
456	-126.796713	1.444022	1
457	-126.793232	1.464509	1
458	-126.779354	1.449646	1
459	-126.769596	1.486246	1
460	-126.748289	1.488578	1
461	-126.746664	1.468563	1
462	-126.743291	1.482206	1
463	-126.735067	1.467554	1
464	-126.726532	1.477119	1
465	-126.726436	1.478295	1
466	-126.725876	1.471446	1
467	-126.717927	1.453706	1
468	-126.717889	1.482753	1
469	-126.711227	1.472456	1
470	-126.709585	1.500242	1
471	-126.704963	1.460813	1
472	-126.70322	1.450547	1
473	-126.699092	1.4899	1
474	-126.698641	1.500301	1
475	-126.696405	1.451533	1
476	-126.696364	1.451532	1
477	-126.695881	1.473156	1
478	-126.681097	1.424025	1
479	-126.679687	1.492241	1
480	-126.678335	1.469415	1
481	-126.676592	1.48144	1
482	-126.664926	1.435369	1
483	-126.658175	1.468627	1
484	-126.65721	1.424918	1
485	-126.654446	1.460135	1
486	-126.644832	1.495542	1
487	-126.643475	1.49243	1
488	-126.625085	1.470717	1
489	-126.60806	1.478826	1
490	-126.598819	1.45863	1
491	-126.592375	1.470775	1
492	-126.584675	1.491008	1
493	-126.575954	1.466007	1
494	-126.574571	1.449053	1
495	-126.568467	1.494444	1
496	-126.542108	1.467393	1
497	-126.537995	1.505245	1
498	-126.518673	1.48338	1
499	-126.497859	1.482122	1
500	-126.495645	1.43031	1
501	-126.494697	1.473316	1
502	-126.48071	1.478376	1
503	-126.478799	1.47749	1
504	-126.466145	1.477393	1
505	-126.464021	1.468303	1
506	-126.462917	1.489731	1
507	-126.452705	1.501045	1
508	-126.451951	1.450301	1
509	-126.445247	1.497656	1
510	-126.442441	1.459459	1
511	-126.439775	1.436276	1
512	-126.431675	1.464569	1
513	-126.412571	1.457159	1
514	-126.405294	1.444904	1
515	-126.390339	1.473783	1
516	-126.386132	1.421138	1
517	-126.383005	1.45146	1
518	-126.346158	1.448199	1
519	-126.336136	1.484457	1
520	-126.322207	1.540766	1
521	-126.321376	1.458095	1
522	-126.309449	1.422518	1
523	-126.308735	1.476635	1
524	-126.278848	1.480853	1
525	-126.265445	1.478387	1
526	-126.262486	1.468647	1
527	-126.23888	1.484948	1
528	-126.232206	1.471022	1
529	-126.228972	1.4617	1
530	-126.222383	1.503516	1
531	-126.220312	1.470599	1
532	-126.215225	1.484574	1
533	-126.18647	1.46429	1
534	-126.180978	1.476022	1
535	-126.176759	1.447762	1
536	-126.175575	1.448431	1
537	-126.171098	1.479962	1
538	-126.16942	1.473438	1
539	-126.147614	1.50341	1
540	-126.145311	1.429879	1
541	-126.137432	1.460774	1
542	-126.134132	1.441135	1
543	-126.12919	1.491609	1
544	-126.114501	1.455911	1
545	-126.090871	1.488515	1
546	-126.088139	1.473398	1
547	-126.087815	1.452961	1
548	-126.084782	1.436826	1
549	-126.082283	1.477971	1
550	-126.081256	1.505327	1
551	-126.079362	1.455321	1
552	-126.072146	1.457271	1
553	-126.063002	1.472765	1
554	-126.058292	1.482143	1
555	-126.051479	1.481749	1
556	-126.050273	1.481369	1
557	-126.045819	1.48963	1
558	-126.03634	1.478599	1
559	-126.036161	1.478598	1
560	-126.035938	1.459393	1
561	-126.029578	1.473576	1
562	-126.027333	1.439648	1
563	-126.016333	1.43888	1
564	-126.012699	1.485491	1
565	-126.011997	1.439656	1
566	-126.007058	1.479173	1
567	-126.006051	1.468036	1
568	-126.004548	1.475491	1
569	-125.986585	1.467776	1
570	-125.984244	1.496434	1
571	-125.971883	1.43493	1
572	-125.962745	1.463321	1
573	-125.962089	1.472238	1
574	-125.955554	1.451931	1
575	-125.950354	1.460053	1
576	-125.947964	1.446404	1
577	-125.939867	1.487093	1
578	-125.939567	1.46059	1
579	-125.938533	1.441813	1
580	-125.933304	1.460103	1
581	-125.932958	1.497822	1
582	-125.925336	1.439609	1
583	-125.909831	1.44551	1
584	-125.909317	1.441868	1
585	-125.883066	1.472771	1
586	-125.876881	1.467869	1
587	-125.875257	1.457418	1
588	-125.860124	1.464531	1
589	-125.858798	1.463461	1
590	-125.835143	1.472907	1
591	-125.833483	1.47645	1
592	-125.825111	1.455192	1
593	-125.821142	1.452319	1
594	-125.818442	1.493444	1
595	-125.806882	1.474503	1
596	-125.802227	1.488418	1
597	-125.788128	1.515073	1
598	-125.777665	1.439544	1
599	-125.769795	1.479191	1
600	-125.756592	1.546784	1
601	-125.751304	1.499893	1
602	-125.743652	1.408714	1
603	-125.720657	1.44666	1
604	-125.71839	1.457043	1
605	-125.703825	1.466068	1
606	-125.700645	1.465958	1
607	-125.700122	1.457028	1
608	-125.69847	1.470491	1
609	-125.684444	1.485962	1
610	-125.681304	1.451833	1
611	-125.671806	1.439147	1
612	-125.662191	1.445317	1
613	-125.641731	1.479907	1
614	-125.638179	1.444942	1
615	-125.62207	1.442859	1
616	-125.61769	1.466815	1
617	-125.575457	1.465158	1
618	-125.566129	1.506949	1
619	-125.563034	1.471204	1
620	-125.558639	1.502917	1
621	-125.55687	1.453901	1
622	-125.553592	1.414135	1
623	-125.539219	1.453335	1
624	-125.53564	1.469659	1
625	-125.534431	1.469602	1
626	-125.534402	1.469602	1
627	-125.534281	1.469603	1
628	-125.53428	1.469603	1
629	-125.53428	1.469603	1
630	-125.53428	1.469604	1
631	-125.534279	1.469603	1
632	-125.534279	1.469603	1
633	-125.534278	1.469603	1
634	-125.534269	1.469603	1
635	-125.534135	1.469601	1
636	-125.529112	1.490696	1
637	-125.526192	1.469587	1
638	-125.526191	1.469587	1
639	-125.524645	1.469572	1
640	-125.524532	1.469609	1
641	-125.524525	1.469609	1
642	-125.524505	1.469609	1
643	-125.524505	1.469609	1
644	-125.524505	1.469609	1
645	-125.524504	1.469609	1
646	-125.524503	1.469609	1
647	-125.524503	1.469608	1
648	-125.524501	1.469608	1
649	-125.524501	1.469609	1
650	-125.524489	1.470933	1
651	-125.517702	1.47906	1
652	-125.51423	1.463701	1
653	-125.510042	1.488918	1
654	-125.507892	1.465989	1
655	-125.504916	1.455212	1
656	-125.473206	1.493465	1
657	-125.461442	1.455938	1
658	-125.452436	1.444964	1
659	-125.439938	1.474924	1
660	-125.439818	1.414047	1
661	-125.433254	1.450275	1
662	-125.430446	1.480553	1
663	-125.428126	1.419208	1
664	-125.426274	1.485252	1
665	-125.420462	1.453121	1
666	-125.41428	1.489072	1
667	-125.408332	1.472219	1
668	-125.406669	1.460837	1
669	-125.403542	1.432489	1
670	-125.382229	1.434746	1
671	-125.375697	1.434134	1
672	-125.375208	1.453683	1
673	-125.371695	1.488535	1
674	-125.362341	1.454909	1
675	-125.358628	1.467764	1
676	-125.35574	1.470736	1
677	-125.35486	1.448164	1
678	-125.353052	1.469297	1
679	-125.338492	1.456095	1
680	-125.318146	1.479168	1
681	-125.304313	1.449666	1
682	-125.291603	1.446345	1
683	-125.285022	1.455212	1
684	-125.283922	1.482501	1
685	-125.277486	1.423983	1
686	-125.275034	1.411373	1
687	-125.27368	1.460205	1
688	-125.272867	1.492662	1
689	-125.26494	1.478055	1
690	-125.258585	1.457057	1
691	-125.257837	1.469996	1
692	-125.233437	1.451919	1
693	-125.231221	1.448296	1
694	-125.230735	1.497536	1
695	-125.22899	1.503005	1
696	-125.225845	1.479584	1
697	-125.202658	1.499429	1
698	-125.195537	1.481132	1
699	-125.193981	1.496152	1
700	-125.190435	1.469552	1
701	-125.156339	1.479691	1
702	-125.15105	1.455145	1
703	-125.150485	1.485812	1
704	-125.1483	1.471964	1
705	-125.143451	1.45073	1
706	-125.137323	1.404115	1
707	-125.136512	1.494476	1
708	-125.133624	1.454134	1
709	-125.13193	1.470424	1
710	-125.12345	1.470143	1
711	-125.121744	1.468615	1
712	-125.121537	1.461319	1
713	-125.120617	1.463429	1
714	-125.119163	1.471605	1
715	-125.114896	1.488899	1
716	-125.114341	1.482856	1
717	-125.109557	1.477252	1
718	-125.10951	1.477252	1
719	-125.109507	1.477252	1
720	-125.106349	1.468858	1
721	-125.100398	1.482556	1
722	-125.097994	1.477259	1
723	-125.095305	1.491156	1
724	-125.08882	1.45427	1
725	-125.088423	1.427727	1
726	-125.085926	1.472004	1
727	-125.083791	1.468796	1
728	-125.083596	1.461596	1
729	-125.068421	1.477124	1
730	-125.059489	1.473642	1
731	-125.056797	1.43329	1
732	-125.053917	1.446019	1
733	-125.047666	1.487873	1
734	-125.042553	1.481039	1
735	-125.028068	1.45269	1
736	-125.027649	1.440446	1
737	-125.019894	1.470559	1
738	-125.017005	1.469655	1
739	-125.01401	1.451312	1
740	-125.000764	1.451793	1
741	-124.975205	1.452457	1
742	-124.974314	1.490467	1
743	-124.971383	1.468962	1
744	-124.958393	1.48174	1
745	-124.957081	1.46554	1
746	-124.94269	1.466753	1
747	-124.93986	1.481739	1
748	-124.933469	1.482102	1
749	-124.92996	1.440878	1
750	-124.926986	1.44963	1
751	-124.922699	1.420985	1
752	-124.921983	1.458671	1
753	-124.921599	1.463144	1
754	-124.920659	1.455047	1
755	-124.912426	1.459131	1
756	-124.906868	1.480014	1
757	-124.904662	1.453603	1
758	-124.901521	1.361174	1
759	-124.890636	1.406759	1
760	-124.887531	1.433359	1
761	-124.886546	1.479744	1
762	-124.884457	1.475876	1
763	-124.883532	1.476577	1
764	-124.881998	1.395505	1
765	-124.881167	1.442128	1
766	-124.879783	1.429554	1
767	-124.863195	1.481888	1
768	-124.860648	1.47069	1
769	-124.858459	1.536306	1
770	-124.85752	1.454611	1
771	-124.856437	1.444078	1
772	-124.852636	1.46696	1
773	-124.848745	1.493113	1
774	-124.840972	1.496577	1
775	-124.831004	1.497534	1
776	-124.829527	1.463685	1
777	-124.821609	1.461601	1
778	-124.8098	1.424265	1
779	-124.806886	1.473468	1
780	-124.803542	1.468019	1
781	-124.802139	1.479195	1
782	-124.776414	1.501679	1
783	-124.759945	1.459563	1
784	-124.759929	1.50797	1
785	-124.75108	1.464591	1
786	-124.746178	1.478006	1
787	-124.742978	1.450928	1
788	-124.740796	1.474216	1
789	-124.740695	1.432805	1
790	-124.730446	1.492203	1
791	-124.723168	1.40558	1
792	-124.720729	1.501745	1
793	-124.718674	1.484357	1
794	-124.715501	1.487069	1
795	-124.712876	1.44037	1
796	-124.710842	1.442093	1
797	-124.705887	1.448016	1
798	-124.705881	1.412195	1
799	-124.700146	1.477148	1
800	-124.691112	1.504854	1
801	-124.688713	1.453768	1
802	-124.688666	1.489138	1
803	-124.68769	1.436096	1
804	-124.686925	1.4887	1
805	-124.686789	1.295529	1
806	-124.675772	1.480355	1
807	-124.671575	1.427985	1
808	-124.670078	1.451915	1
809	-124.665398	1.46807	1
810	-124.663022	1.405686	1
811	-124.651521	1.447062	1
812	-124.651008	1.471063	1
813	-124.642368	1.512402	1
814	-124.639713	1.472235	1
815	-124.637656	1.474989	1
816	-124.633021	1.452035	1
817	-124.627809	1.467703	1
818	-124.625997	1.471133	1
819	-124.617696	1.470585	1
820	-124.610185	1.463487	1
821	-124.60641	1.449804	1
822	-124.577237	1.456171	1
823	-124.57604	1.462651	1
824	-124.575928	1.472291	1
825	-124.572122	1.471832	1
826	-124.571268	1.469155	1
827	-124.570485	1.474695	1
828	-124.564618	1.462989	1
829	-124.562749	1.496717	1
830	-124.562179	1.466864	1
831	-124.555255	1.454582	1
832	-124.554341	1.484627	1
833	-124.551497	1.472641	1
834	-124.53531	1.417727	1
835	-124.52977	1.410547	1
836	-124.523926	1.468023	1
837	-124.519282	1.434944	1
838	-124.494666	1.438326	1
839	-124.489929	1.482545	1
840	-124.489031	1.452453	1
841	-124.458571	1.484777	1
842	-124.458499	1.48144	1
843	-124.455191	1.445731	1
844	-124.45418	1.43525	1
845	-124.445991	1.477947	1
846	-124.442775	1.439691	1
847	-124.441744	1.437063	1
848	-124.429865	1.447031	1
849	-124.429817	1.421398	1
850	-124.428408	1.416071	1
851	-124.417302	1.439356	1
852	-124.414896	1.452855	1
853	-124.406308	1.438664	1
854	-124.398365	1.459538	1
855	-124.394688	1.467289	1
856	-124.390263	1.470835	1
857	-124.38679	1.475571	1
858	-124.386261	1.476744	1
859	-124.384483	1.434073	1
860	-124.356672	1.458361	1
861	-124.356168	1.494666	1
862	-124.354036	1.466396	1
863	-124.348535	1.455996	1
864	-124.347492	1.411127	1
865	-124.347007	1.497937	1
866	-124.343905	1.431542	1
867	-124.336683	1.478524	1
868	-124.332077	1.445909	1
869	-124.326486	1.476614	1
870	-124.320197	1.469179	1
871	-124.319037	1.485911	1
872	-124.312105	1.470576	1
873	-124.311859	1.479162	1
874	-124.310186	1.457611	1
875	-124.307447	1.43532	1
876	-124.303555	1.509308	1
877	-124.297909	1.43578	1
878	-124.297049	1.474622	1
879	-124.29442	1.472677	1
880	-124.291437	1.488271	1
881	-124.28398	1.504904	1
882	-124.278792	1.448542	1
883	-124.268336	1.43566	1
884	-124.267527	1.485826	1
885	-124.261366	1.48695	1
886	-124.254669	1.45764	1
887	-124.248366	1.453803	1
888	-124.235702	1.461279	1
889	-124.233363	1.40221	1
890	-124.232759	1.468506	1
891	-124.217386	1.472119	1
892	-124.212335	1.477531	1
893	-124.211252	1.460159	1
894	-124.210524	1.452246	1
895	-124.194214	1.438727	1
896	-124.194081	1.462964	1
897	-124.192784	1.443745	1
898	-124.188608	1.423799	1
899	-124.181189	1.425897	1
900	-124.177037	1.430717	1
901	-124.173308	1.457184	1
902	-124.173248	1.439691	1
903	-124.160973	1.446777	1
904	-124.153259	1.445501	1
905	-124.152387	1.464538	1
906	-124.133686	1.490421	1
907	-124.131272	1.476611	1
908	-124.130269	1.419017	1
909	-124.129083	1.491177	1
910	-124.126629	1.501707	1
911	-124.116819	1.479855	1
912	-124.110939	1.467099	1
913	-124.101877	1.306143	1
914	-124.098107	1.45613	1
915	-124.095271	1.443376	1
916	-124.093745	1.50943	1
917	-124.088414	1.485426	1
918	-124.083336	1.457691	1
919	-124.082899	1.45498	1
920	-124.078686	1.457936	1
921	-124.072902	1.460886	1
922	-124.071355	1.515574	1
923	-124.067735	1.417572	1
924	-124.059707	1.420346	1
925	-124.055018	1.43271	1
926	-124.044795	1.441622	1
927	-124.044669	1.462175	1
928	-124.041454	1.35221	1
929	-124.037447	1.489913	1
930	-124.029061	1.44007	1
931	-124.029054	1.472882	1
932	-124.024721	1.454538	1
933	-124.0216	1.471499	1
934	-124.01804	1.438478	1
935	-124.017547	1.41696	1
936	-124.017315	1.441449	1
937	-124.015943	1.510756	1
938	-124.015478	1.450988	1
939	-124.011061	1.454314	1
940	-123.993811	1.471439	1
941	-123.989531	1.457528	1
942	-123.989374	1.454757	1
943	-123.985306	1.492773	1
944	-123.983787	1.441586	1
945	-123.980961	1.472066	1
946	-123.97142	1.432761	1
947	-123.968235	1.461847	1
948	-123.939887	1.518173	1
949	-123.932447	1.463632	1
950	-123.922922	1.423742	1
951	-123.917057	1.424144	1
952	-123.909726	1.423495	1
953	-123.896632	1.480705	1
954	-123.896015	1.468737	1
955	-123.893972	1.503369	1
956	-123.891427	1.469858	1
957	-123.891238	1.456096	1
958	-123.890501	1.471193	1
959	-123.889168	1.486074	1
960	-123.884582	1.462874	1
961	-123.884434	1.462874	1
962	-123.880046	1.436511	1
963	-123.862753	1.462715	1
964	-123.850425	1.414103	1
965	-123.847419	1.430981	1
966	-123.84707	1.455457	1
967	-123.842808	1.464252	1
968	-123.836873	1.452967	1
969	-123.835907	1.452771	1
970	-123.833629	1.476384	1
971	-123.832855	1.418554	1
972	-123.832656	1.440537	1
973	-123.823506	1.427058	1
974	-123.81884	1.477695	1
975	-123.817535	1.443469	1
976	-123.81481	1.416968	1
977	-123.8138	1.443562	1
978	-123.800432	1.414473	1
979	-123.800381	1.512724	1
980	-123.793458	1.444227	1
981	-123.782872	1.453769	1
982	-123.770944	1.460883	1
983	-123.76811	1.478606	1
984	-123.766942	1.49098	1
985	-123.757101	1.475347	1
986	-123.756666	1.438433	1
987	-123.755988	1.46921	1
988	-123.755379	1.493318	1
989	-123.751967	1.443594	1
990	-123.750679	1.452078	1
991	-123.743843	1.492899	1
992	-123.738325	1.497302	1
993	-123.733921	1.458628	1
994	-123.730225	1.474975	1
995	-123.729306	1.412421	1
996	-123.720804	1.466579	1
997	-123.697739	1.431604	1
998	-123.695543	1.485738	1
999	-123.691663	1.479426	1
1000	-123.687037	1.401881	1
1001	-123.681279	1.413348	1
1002	-123.681233	1.441728	1
1003	-123.68003	1.452698	1
1004	-123.673076	1.477945	1
1005	-123.664997	1.444831	1
1006	-123.661082	1.449542	1
1007	-123.657946	1.455705	1
1008	-123.657562	1.480823	1
1009	-123.654109	1.483905	1
1010	-123.652785	1.455161	1
1011	-123.647219	1.473094	1
1012	-123.647057	1.435586	1
1013	-123.6463	1.440496	1
1014	-123.644378	1.466025	1
1015	-123.638994	1.464164	1
1016	-123.633149	1.466963	1
1017	-123.632162	1.508124	1
1018	-123.625365	1.450172	1
1019	-123.619805	1.441185	1
1020	-123.609883	1.459033	1
1021	-123.609846	1.439896	1
1022	-123.599609	1.43392	1
1023	-123.597833	1.459013	1
1024	-123.597391	1.440654	1
1025	-123.597274	1.443845	1
1026	-123.586861	1.49707	1
1027	-123.583951	1.456162	1
1028	-123.583771	1.478469	1
1029	-123.581826	1.521334	1
1030	-123.579976	1.471247	1
1031	-123.57687	1.462988	1
1032	-123.572569	1.463442	1
1033	-123.570331	1.445296	1
1034	-123.56479	1.430506	1
1035	-123.563215	1.453324	1
1036	-123.55957	1.473419	1
1037	-123.558783	1.422297	1
1038	-123.558124	1.468532	1
1039	-123.55654	1.368536	1
1040	-123.554942	1.438681	1
1041	-123.551591	1.485086	1
1042	-123.542633	1.464977	1
1043	-123.536444	1.473426	1
1044	-123.529995	1.449137	1
1045	-123.528026	1.475293	1
1046	-123.523712	1.479975	1
1047	-123.518913	1.453965	1
1048	-123.494066	1.442819	1
1049	-123.49138	1.47765	1
1050	-123.488493	1.456253	1
1051	-123.485325	1.466788	1
1052	-123.484465	1.517042	1
1053	-123.480708	1.469077	1
1054	-123.469612	1.436825	1
1055	-123.465567	1.418144	1
1056	-123.46413	1.530671	1
1057	-123.463203	1.483406	1
1058	-123.449845	1.393122	1
1059	-123.447318	1.433035	1
1060	-123.445157	1.452598	1
1061	-123.442558	1.500694	1
1062	-123.434113	1.437387	1
1063	-123.428357	1.444018	1
1064	-123.426675	1.432271	1
1065	-123.42456	1.442093	1
1066	-123.419489	1.434061	1
1067	-123.419474	1.442035	1
1068	-123.41939	1.442034	1
1069	-123.419008	1.442029	1
1070	-123.41872	1.442026	1
1071	-123.418609	1.442026	1
1072	-123.417594	1.442037	1
1073	-123.417593	1.442037	1
1074	-123.417593	1.442037	1
1075	-123.417592	1.442037	1
1076	-123.417584	1.442038	1
1077	-123.417563	1.442038	1
1078	-123.417544	1.442038	1
1079	-123.417542	1.442038	1
1080	-123.417539	1.442038	1
1081	-123.417535	1.442037	1
1082	-123.417533	1.442038	1
1083	-123.417532	1.442037	1
1084	-123.417532	1.442038	1
1085	-123.417531	1.442037	1
1086	-123.417531	1.442037	1
1087	-123.41753	1.442037	1
1088	-123.41753	1.442037	1
1089	-123.41753	1.442037	1
1090	-123.417529	1.442037	1
1091	-123.417527	1.442037	1
1092	-123.417522	1.442037	1
1093	-123.417477	1.442037	1
1094	-123.417471	1.442037	1
1095	-123.417417	1.442039	1
1096	-123.410853	1.44457	1
1097	-123.405612	1.473093	1
1098	-123.394821	1.449926	1
1099	-123.3928	1.441975	1
1100	-123.391601	1.416431	1
1101	-123.390336	1.441924	1
1102	-123.390329	1.441924	1
1103	-123.390322	1.441924	1
1104	-123.39032	1.441924	1
1105	-123.390168	1.441924	1
1106	-123.390165	1.441924	1
1107	-123.390163	1.441924	1
1108	-123.390161	1.441924	1
1109	-123.390155	1.441924	1
1110	-123.390153	1.441924	1
1111	-123.390152	1.441923	1
1112	-123.390151	1.441923	1
1113	-123.390151	1.441923	1
1114	-123.390151	1.441923	1
1115	-123.390151	1.441923	1
1116	-123.39015	1.441923	1
1117	-123.39015	1.441924	1
1118	-123.390147	1.441923	1
1119	-123.390141	1.441923	1
1120	-123.390135	1.441923	1
1121	-123.389021	1.441931	1
1122	-123.388706	1.441929	1
1123	-123.385724	1.451531	1
1124	-123.383836	1.432114	1
1125	-123.383262	1.448459	1
1126	-123.375568	1.453498	1
1127	-123.375084	1.442953	1
1128	-123.372312	1.40039	1
1129	-123.372092	1.390048	1
1130	-123.358649	1.459118	1
1131	-123.341331	1.445612	1
1132	-123.335519	1.473148	1
1133	-123.330724	1.444252	1
1134	-123.328245	1.433198	1
1135	-123.31454	1.481091	1
1136	-123.313083	1.432909	1
1137	-123.31125	1.449605	1
1138	-123.305789	1.466077	1
1139	-123.305409	1.432097	1
1140	-123.303595	1.443575	1
1141	-123.298828	1.449727	1
1142	-123.285032	1.428233	1
1143	-123.282275	1.444252	1
1144	-123.281868	1.472037	1
1145	-123.27675	1.443643	1
1146	-123.273661	1.472499	1
1147	-123.266418	1.479254	1
1148	-123.263038	1.414918	1
1149	-123.237218	1.400474	1
1150	-123.236435	1.441936	1
1151	-123.235359	1.473118	1
1152	-123.231429	1.472904	1
1153	-123.219564	1.453473	1
1154	-123.219233	1.474516	1
1155	-123.217265	1.423621	1
1156	-123.212512	1.40585	1
1157	-123.211165	1.457706	1
1158	-123.20959	1.468614	1
1159	-123.208901	1.401035	1
1160	-123.207069	1.449372	1
1161	-123.206762	1.470391	1
1162	-123.204018	1.474836	1
1163	-123.202516	1.342794	1
1164	-123.199165	1.494357	1
1165	-123.192839	1.486961	1
1166	-123.192154	1.449986	1
1167	-123.191075	1.410896	1
1168	-123.190025	1.356485	1
1169	-123.18609	1.441635	1
1170	-123.177288	1.465759	1
1171	-123.174958	1.463015	1
1172	-123.16025	1.497121	1
1173	-123.143285	1.484724	1
1174	-123.140365	1.406963	1
1175	-123.137418	1.458262	1
1176	-123.130648	1.432766	1
1177	-123.128236	1.440438	1
1178	-123.126344	1.495443	1
1179	-123.120319	1.54065	1
1180	-123.120262	1.44615	1
1181	-123.118856	1.436972	1
1182	-123.117874	1.459129	1
1183	-123.115413	1.487342	1
1184	-123.102337	1.467858	1
1185	-123.101643	1.439297	1
1186	-123.097614	1.496939	1
1187	-123.086403	1.473044	1
1188	-123.084767	1.427464	1
1189	-123.076442	1.438557	1
1190	-123.07064	1.384826	1
1191	-123.070598	1.465246	1
1192	-123.05571	1.422213	1
1193	-123.05437	1.443865	1
1194	-123.050334	1.503886	1
1195	-123.048877	1.456555	1
1196	-123.038566	1.471078	1
1197	-123.03802	1.417522	1
1198	-123.027389	1.446348	1
1199	-123.026068	1.469785	1
1200	-123.024685	1.468731	1
1201	-123.023482	1.444996	1
1202	-123.017616	1.47465	1
1203	-123.011389	1.441414	1
1204	-123.009972	1.473563	1
1205	-123.008558	1.477778	1
1206	-122.995675	1.439159	1
1207	-122.992831	1.38258	1
1208	-122.990918	1.443721	1
1209	-122.989088	1.426083	1
1210	-122.980468	1.442688	1
1211	-122.979697	1.422728	1
1212	-122.974096	1.441369	1
1213	-122.973755	1.432173	1
1214	-122.967439	1.43866	1
1215	-122.953931	1.416145	1
1216	-122.953272	1.489667	1
1217	-122.951283	1.492825	1
1218	-122.950838	1.449792	1
1219	-122.943977	1.438381	1
1220	-122.941494	1.413877	1
1221	-122.927058	1.409729	1
1222	-122.926382	1.456392	1
1223	-122.917796	1.476951	1
1224	-122.917404	1.419467	1
1225	-122.915403	1.450338	1
1226	-122.909843	1.277604	1
1227	-122.908871	1.416277	1
1228	-122.907237	1.405594	1
1229	-122.904972	1.4782	1
1230	-122.903061	1.401509	1
1231	-122.901211	1.447585	1
1232	-122.897976	1.467897	1
1233	-122.89049	1.47253	1
1234	-122.885469	1.445744	1
1235	-122.880974	1.45381	1
1236	-122.870552	1.481646	1
1237	-122.859166	1.404003	1
1238	-122.856436	1.464674	1
1239	-122.836148	1.494885	1
1240	-122.817898	1.454551	1
1241	-122.814249	1.46548	1
1242	-122.811909	1.471642	1
1243	-122.810557	1.391525	1
1244	-122.809065	1.425354	1
1245	-122.803282	1.480654	1
1246	-122.802673	1.467093	1
1247	-122.795559	1.4702	1
1248	-122.791321	1.430606	1
1249	-122.78939	1.487117	1
1250	-122.789066	1.464326	1
1251	-122.784412	1.426314	1
1252	-122.780219	1.432072	1
1253	-122.774491	1.45425	1
1254	-122.771572	1.435493	1
1255	-122.767379	1.489458	1
1256	-122.764273	1.464482	1
1257	-122.762293	1.472777	1
1258	-122.759921	1.457842	1
1259	-122.756047	1.426054	1
1260	-122.753968	1.471651	1
1261	-122.753467	1.423749	1
1262	-122.752085	1.436943	1
1263	-122.750616	1.449698	1
1264	-122.748349	1.446262	1
1265	-122.739603	1.436627	1
