0	-116.912874	1.397824	1
1	-116.65493	1.436787	1
2	-116.196277	1.446882	1
3	-116.023415	1.411195	1
4	-115.716025	1.446293	1
5	-115.448657	1.39846	1
6	-115.447075	1.452903	1
7	-115.202777	1.443527	1
8	-115.018394	1.417651	1
9	-114.651078	1.439266	1
10	-114.52366	1.422331	1
11	-114.375444	1.378164	1
12	-114.300997	1.50874	1
13	-114.291735	1.501912	1
14	-114.274123	1.442826	1
15	-114.254104	1.453962	1
16	-114.24471	1.426051	1
17	-114.11989	1.43806	1
18	-114.102098	1.410699	1
19	-114.082027	1.422192	1
20	-114.082019	1.422193	1
21	-113.963171	1.43687	1
22	-113.906527	1.453095	1
23	-113.826109	1.462357	1
24	-113.755817	1.421292	1
25	-113.746484	1.400136	1
26	-113.718722	1.444629	1
27	-113.717253	1.37666	1
28	-113.66985	1.423443	1
29	-113.611667	1.425534	1
30	-113.516184	1.392277	1
31	-113.425301	1.425677	1
32	-113.358861	1.49624	1
33	-113.351809	1.419465	1
34	-113.313803	1.450115	1
35	-113.305351	1.451068	1
36	-113.138449	1.44356	1
37	-113.137366	1.423033	1
38	-113.10037	1.433984	1
39	-113.006062	1.421619	1
40	-112.977285	1.414627	1
41	-112.919697	1.438933	1
42	-112.875098	1.479147	1
43	-112.850526	1.431387	1
44	-112.619389	1.45962	1
45	-112.504474	1.451983	1
46	-112.471921	1.451949	1
47	-112.471853	1.451947	1
48	-112.471783	1.45193	1
49	-112.471779	1.45193	1
50	-112.47177	1.45193	1
51	-112.471764	1.451931	1
52	-112.471687	1.451933	1
53	-112.471659	1.451934	1
54	-112.465942	1.41416	1
55	-112.388468	1.510104	1
56	-112.359632	1.41983	1
57	-112.268586	1.445018	1
58	-112.266194	1.46078	1
59	-112.22229	1.421181	1
60	-112.208788	1.379092	1
61	-112.203412	1.469104	1
62	-112.199302	1.42642	1
63	-112.194085	1.450561	1
64	-112.194073	1.450561	1
65	-112.194043	1.450561	1
66	-112.194043	1.45056	1
67	-112.19404	1.45056	1
68	-112.194038	1.45056	1
69	-112.194028	1.45056	1
70	-112.194016	1.45056	1
71	-112.19401	1.45056	1
72	-112.193984	1.45056	1
73	-112.193984	1.45056	1
74	-112.193943	1.450561	1
75	-112.167499	1.502913	1
76	-112.159659	1.392032	1
77	-112.070698	1.347493	1
78	-112.029398	1.372934	1
79	-111.846555	1.377386	1
80	-111.825819	1.412563	1
81	-111.810966	1.421993	1
82	-111.78969	1.450573	1
83	-111.760835	1.429091	1
84	-111.641604	1.400365	1
85	-111.632366	1.449135	1
86	-111.597146	1.366774	1
87	-111.554173	1.395203	1
88	-111.552523	1.411899	1
89	-111.452137	1.345936	1
90	-111.431172	1.472077	1
91	-111.431122	1.472076	1
92	-111.423321	1.345953	1
93	-111.378024	1.371165	1
94	-111.353751	1.383864	1
95	-111.349997	1.38527	1
96	-111.29432	1.372076	1
97	-111.291455	1.38372	1
98	-111.2881	1.422763	1
99	-111.263773	1.397093	1
100	-111.225128	1.378005	1
101	-111.215102	1.45152	1
102	-111.210367	1.418363	1
103	-111.210338	1.418364	1
104	-111.210317	1.418363	1
105	-111.210316	1.418363	1
106	-111.198683	1.405805	1
107	-111.114071	1.422503	1
108	-111.06898	1.425678	1
109	-111.064998	1.52659	1
110	-111.064957	1.526588	1
111	-111.064949	1.526588	1
112	-111.048545	1.46468	1
113	-111.000253	1.480229	1
114	-110.993088	1.403962	1
115	-110.988285	1.384282	1
116	-110.985098	1.396304	1
117	-110.975268	1.527174	1
118	-110.975237	1.527174	1
119	-110.959647	1.375521	1
120	-110.938335	1.418522	1
121	-110.938334	1.418522	1
122	-110.875157	1.534516	1
123	-110.861708	1.41062	1
124	-110.787353	1.426919	1
125	-110.719996	1.431635	1
126	-110.71311	1.420566	1
127	-110.674161	1.407121	1
128	-110.656223	1.397585	1
129	-110.641992	1.446874	1
130	-110.635913	1.408833	1
131	-110.618589	1.384862	1
132	-110.610394	1.396158	1
133	-110.578536	1.491683	1
134	-110.534861	1.346547	1
135	-110.518552	1.35482	1
136	-110.513933	1.40531	1
137	-110.513919	1.40531	1
138	-110.513911	1.40531	1
139	-110.513906	1.40531	1
140	-110.513903	1.40531	1
141	-110.505228	1.40549	1
142	-110.50521	1.405489	1
143	-110.505199	1.405489	1
144	-110.505196	1.405489	1
145	-110.505194	1.405489	1
146	-110.505193	1.405489	1
147	-110.505187	1.405489	1
148	-110.46549	1.463563	1
149	-110.458899	1.416726	1
150	-110.433455	1.413933	1
151	-110.42482	1.399341	1
152	-110.418918	1.394003	1
153	-110.40124	1.478977	1
154	-110.379922	1.328838	1
155	-110.347259	1.436092	1
156	-110.344438	1.46041	1
157	-110.310765	1.43033	1
158	-110.30486	1.418886	1
159	-110.271579	1.517409	1
160	-110.250457	1.52087	1
161	-110.249017	1.405535	1
162	-110.248113	1.463466	1
163	-110.195182	1.399866	1
164	-110.182017	1.396511	1
165	-110.15292	1.404214	1
166	-110.103386	1.42372	1
167	-110.072835	1.393243	1
168	-110.067017	1.344554	1
169	-110.063219	1.467497	1
170	-110.016715	1.423834	1
171	-109.994059	1.391315	1
172	-109.962717	1.393941	1
173	-109.957532	1.38864	1
174	-109.935673	1.428513	1
175	-109.917948	1.39679	1
176	-109.913412	1.456298	1
177	-109.884618	1.496616	1
178	-109.831052	1.452001	1
179	-109.82543	1.448247	1
180	-109.806729	1.45381	1
181	-109.805852	1.439479	1
182	-109.783476	1.416106	1
183	-109.724436	1.400256	1
184	-109.724277	1.400256	1
185	-109.719892	1.399944	1
186	-109.687318	1.4732	1
187	-109.67368	1.400742	1
188	-109.655489	1.463718	1
189	-109.643827	1.423459	1
190	-109.621564	1.435827	1
191	-109.610923	1.465239	1
192	-109.598832	1.503283	1
193	-109.597543	1.361263	1
194	-109.597105	1.407254	1
195	-109.57918	1.464319	1
196	-109.543025	1.498157	1
197	-109.537212	1.516167	1
198	-109.534748	1.425396	1
199	-109.520507	1.460962	1
200	-109.493009	1.365966	1
201	-109.473842	1.420949	1
202	-109.471557	1.378959	1
203	-109.456145	1.373255	1
204	-109.454894	1.276233	1
205	-109.443586	1.402313	1
206	-109.441096	1.389697	1
207	-109.429751	1.486709	1
208	-109.42857	1.394888	1
209	-109.420435	1.428137	1
210	-109.41586	1.435632	1
211	-109.378389	1.427048	1
212	-109.376856	1.414737	1
213	-109.343034	1.460241	1
214	-109.328762	1.423544	1
215	-109.325251	1.474329	1
216	-109.300334	1.408218	1
217	-109.293475	1.399037	1
218	-109.292949	1.436295	1
219	-109.28584	1.417531	1
220	-109.27921	1.408065	1
221	-109.276243	1.497521	1
222	-109.269697	1.390228	1
223	-109.268933	1.389073	1
224	-109.268926	1.389073	1
225	-109.245459	1.381044	1
226	-109.241759	1.426177	1
227	-109.236514	1.444624	1
228	-109.225304	1.389707	1
229	-109.212642	1.488959	1
230	-109.211462	1.38974	1
231	-109.206272	1.50746	1
232	-109.195228	1.297333	1
233	-109.194389	1.452636	1
234	-109.172091	1.39295	1
235	-109.144337	1.306503	1
236	-109.122972	1.409287	1
237	-109.089451	1.362707	1
238	-109.077346	1.405689	1
239	-109.070737	1.351063	1
240	-109.045623	1.497622	1
241	-108.989687	1.463603	1
242	-108.974454	1.45239	1
243	-108.974423	1.465131	1
244	-108.970482	1.45674	1
245	-108.963985	1.459188	1
246	-108.962032	1.403882	1
247	-108.955344	1.424879	1
248	-108.929876	1.394176	1
249	-108.917514	1.36873	1
250	-108.914943	1.502436	1
251	-108.907831	1.449669	1
252	-108.894971	1.437877	1
253	-108.891137	1.464136	1
254	-108.888003	1.420216	1
255	-108.887314	1.373377	1
256	-108.874958	1.390264	1
257	-108.870975	1.392361	1
258	-108.856189	1.413481	1
259	-108.840231	1.389054	1
260	-108.83268	1.42217	1
261	-108.829287	1.476354	1
262	-108.820064	1.414355	1
263	-108.7943	1.502742	1
264	-108.793093	1.420353	1
265	-108.783705	1.406495	1
266	-108.78262	1.43713	1
267	-108.77734	1.408135	1
268	-108.754485	1.432566	1
269	-108.742932	1.37126	1
270	-108.741925	1.504629	1
271	-108.739863	1.455079	1
272	-108.718621	1.467792	1
273	-108.717776	1.415651	1
274	-108.700994	1.382601	1
275	-108.68193	1.42288	1
276	-108.672218	1.406926	1
277	-108.66372	1.371488	1
278	-108.66315	1.443483	1
279	-108.623422	1.451487	1
280	-108.615675	1.379387	1
281	-108.613973	1.349193	1
282	-108.600625	1.430332	1
283	-108.597627	1.447352	1
284	-108.595383	1.360868	1
285	-108.5713	1.453105	1
286	-108.54398	1.425574	1
287	-108.535116	1.37588	1
288	-108.523784	1.378513	1
289	-108.474618	1.42511	1
290	-108.464918	1.462869	1
291	-108.459057	1.41798	1
292	-108.446893	1.36723	1
293	-108.439976	1.304545	1
294	-108.433354	1.430844	1
295	-108.431528	1.415514	1
296	-108.424392	1.467778	1
297	-108.421662	1.410501	1
298	-108.410878	1.450485	1
299	-108.397485	1.374397	1
300	-108.392924	1.436356	1
301	-108.388112	1.458892	1
302	-108.383333	1.38563	1
303	-108.374938	1.386529	1
304	-108.37304	1.493209	1
305	-108.366213	1.387528	1
306	-108.345209	1.451323	1
307	-108.344037	1.50912	1
308	-108.321706	1.449978	1
309	-108.277116	1.392806	1
310	-108.274432	1.434169	1
311	-108.262477	1.405488	1
312	-108.259274	1.409408	1
313	-108.255382	1.379333	1
314	-108.252143	1.405143	1
315	-108.235599	1.503827	1
316	-108.216785	1.388339	1
317	-108.206805	1.449586	1
318	-108.186317	1.401839	1
319	-108.186086	1.381186	1
320	-108.185492	1.418162	1
321	-108.17686	1.406919	1
322	-108.176104	1.414622	1
323	-108.165332	1.505722	1
324	-108.155922	1.42216	1
325	-108.149371	1.406522	1
326	-108.143013	1.482748	1
327	-108.134068	1.465301	1
328	-108.127111	1.444358	1
329	-108.099933	1.447435	1
330	-108.084376	1.431363	1
331	-108.079797	1.377599	1
332	-108.074684	1.427351	1
333	-108.062823	1.392947	1
334	-108.054638	1.400117	1
335	-108.019313	1.41524	1
336	-108.014974	1.414172	1
337	-108.00911	1.387158	1
338	-107.999985	1.431994	1
339	-107.981992	1.513133	1
340	-107.97581	1.390321	1
341	-107.974047	1.412569	1
342	-107.956272	1.45498	1
343	-107.938929	1.393247	1
344	-107.906869	1.429664	1
345	-107.874836	1.438077	1
346	-107.871208	1.383123	1
347	-107.861486	1.454062	1
348	-107.853366	1.372135	1
349	-107.840828	1.315345	1
350	-107.818826	1.452721	1
351	-107.815073	1.439124	1
352	-107.806767	1.38462	1
353	-107.804786	1.498758	1
354	-107.794126	1.410976	1
355	-107.78673	1.4029	1
356	-107.782516	1.379352	1
357	-107.776051	1.406944	1
358	-107.77443	1.432498	1
359	-107.76335	1.431041	1
360	-107.751371	1.43265	1
361	-107.750281	1.348826	1
362	-107.740866	1.447836	1
363	-107.734712	1.460114	1
364	-107.733393	1.389514	1
365	-107.72628	1.436873	1
366	-107.711432	1.391451	1
367	-107.708705	1.41685	1
368	-107.702582	1.467545	1
369	-107.690663	1.411971	1
370	-107.688859	1.450927	1
371	-107.686163	1.459008	1
372	-107.643226	1.406075	1
373	-107.642131	1.345253	1
374	-107.615704	1.446561	1
375	-107.566458	1.387464	1
376	-107.560596	1.404529	1
377	-107.53607	1.452587	1
378	-107.531918	1.345905	1
379	-107.527913	1.453878	1
380	-107.52712	1.46869	1
381	-107.517951	1.424775	1
382	-107.493249	1.390479	1
383	-107.486674	1.364542	1
384	-107.479287	1.378731	1
385	-107.46256	1.435143	1
386	-107.461916	1.428173	1
387	-107.45679	1.412614	1
388	-107.452647	1.325912	1
389	-107.439653	1.362615	1
390	-107.43141	1.384461	1
391	-107.383309	1.378917	1
392	-107.378408	1.398278	1
393	-107.372081	1.416761	1
394	-107.369556	1.344036	1
395	-107.344659	1.40976	1
396	-107.337138	1.444723	1
397	-107.330282	1.3922	1
398	-107.323368	1.405624	1
399	-107.31419	1.397068	1
400	-107.298499	1.443775	1
401	-107.270578	1.3701	1
402	-107.265952	1.385831	1
403	-107.264697	1.381825	1
404	-107.256927	1.392925	1
405	-107.253197	1.403795	1
406	-107.240848	1.377201	1
407	-107.238829	1.387313	1
408	-107.238243	1.416269	1
409	-107.215737	1.402848	1
410	-107.202516	1.366212	1
411	-107.200815	1.435849	1
412	-107.182457	1.367042	1
413	-107.174597	1.363762	1
414	-107.166426	1.353871	1
415	-107.16101	1.407684	1
416	-107.15663	1.370347	1
417	-107.145921	1.4496	1
418	-107.145422	1.382263	1
419	-107.144715	1.404224	1
420	-107.143622	1.397161	1
421	-107.142659	1.396407	1
422	-107.141602	1.405011	1
423	-107.127295	1.365854	1
424	-107.12236	1.315305	1
425	-107.121232	1.391569	1
426	-107.119427	1.417787	1
427	-107.111935	1.362325	1
428	-107.099432	1.400793	1
429	-107.074387	1.380999	1
430	-107.0563	1.477984	1
431	-107.050793	1.438655	1
432	-107.044491	1.447243	1
433	-107.035474	1.33475	1
434	-107.014836	1.498332	1
435	-107.010685	1.359563	1
436	-107.008088	1.47667	1
437	-106.980156	1.401616	1
438	-106.963476	1.397798	1
439	-106.962884	1.450107	1
440	-106.9567	1.447071	1
441	-106.948639	1.413129	1
442	-106.947964	1.386549	1
443	-106.933736	1.405841	1
444	-106.929329	1.410716	1
445	-106.910563	1.385157	1
446	-106.903791	1.403418	1
447	-106.899744	1.374981	1
448	-106.89714	1.321953	1
449	-106.891175	1.410338	1
450	-106.883448	1.454704	1
451	-106.858682	1.373621	1
452	-106.858524	1.377898	1
453	-106.857295	1.297187	1
454	-106.829189	1.341149	1
455	-106.811598	1.418457	1
456	-106.793191	1.390581	1
457	-106.78544	1.394302	1
458	-106.784252	1.390121	1
459	-106.774897	1.389506	1
460	-106.748821	1.411711	1
461	-106.739265	1.440663	1
462	-106.721183	1.428614	1
463	-106.712715	1.383784	1
464	-106.697483	1.464911	1
465	-106.674383	1.459286	1
466	-106.661567	1.44978	1
467	-106.657693	1.453381	1
468	-106.648641	1.29578	1
469	-106.643584	1.399687	1
470	-106.642215	1.395607	1
471	-106.620577	1.41718	1
472	-106.613311	1.392331	1
473	-106.594655	1.393336	1
474	-106.583641	1.36883	1
475	-106.582064	1.359722	1
476	-106.552757	1.406134	1
477	-106.552699	1.406133	1
478	-106.543529	1.302049	1
479	-106.543455	1.430174	1
480	-106.543414	1.430174	1
481	-106.543407	1.430174	1
482	-106.540015	1.363765	1
483	-106.526422	1.435204	1
484	-106.512383	1.484988	1
485	-106.506448	1.41036	1
486	-106.502496	1.314087	1
487	-106.488559	1.429523	1
488	-106.461657	1.377186	1
489	-106.459146	1.404027	1
490	-106.457365	1.33194	1
491	-106.452099	1.475172	1
492	-106.437371	1.40029	1
493	-106.43697	1.36503	1
494	-106.430262	1.373128	1
495	-106.424669	1.317869	1
496	-106.423339	1.372276	1
497	-106.416798	1.345141	1
498	-106.407599	1.365861	1
499	-106.394898	1.405179	1
500	-106.392252	1.37384	1
501	-106.384493	1.436601	1
502	-106.367508	1.401563	1
503	-106.361123	1.440313	1
504	-106.35162	1.389575	1
505	-106.348482	1.366215	1
506	-106.340242	1.417121	1
507	-106.32347	1.411782	1
508	-106.302229	1.372536	1
509	-106.297911	1.401559	1
510	-106.29376	1.436837	1
511	-106.287627	1.448125	1
512	-106.271247	1.341426	1
513	-106.269809	1.419753	1
514	-106.256046	1.421812	1
515	-106.244623	1.404654	1
516	-106.240425	1.393621	1
517	-106.217038	1.416818	1
518	-106.213172	1.445028	1
519	-106.204318	1.367932	1
520	-106.190025	1.488018	1
521	-106.189098	1.387951	1
522	-106.18762	1.40055	1
523	-106.162212	1.444282	1
524	-106.160917	1.444453	1
525	-106.147824	1.375184	1
526	-106.14142	1.450202	1
527	-106.126567	1.393297	1
528	-106.111688	1.339541	1
529	-106.10394	1.423653	1
530	-106.098051	1.45455	1
531	-106.096006	1.449324	1
532	-106.095584	1.460355	1
533	-106.091442	1.325069	1
534	-106.081118	1.395247	1
535	-106.069597	1.422915	1
536	-106.066776	1.352335	1
537	-106.065992	1.419791	1
538	-106.064276	1.408535	1
539	-106.06397	1.450165	1
540	-106.057504	1.390329	1
541	-106.055572	1.378819	1
542	-106.0477	1.39407	1
543	-106.045186	1.381928	1
544	-106.045121	1.381928	1
545	-106.045084	1.381928	1
546	-106.044508	1.456061	1
547	-106.042305	1.33709	1
548	-106.036338	1.402455	1
549	-106.035653	1.360041	1
550	-106.032325	1.429082	1
551	-106.024809	1.429224	1
552	-106.022025	1.371299	1
553	-106.021397	1.363729	1
554	-106.01488	1.4323	1
555	-106.005475	1.410267	1
556	-106.003388	1.425347	1
557	-105.996205	1.438835	1
558	-105.985529	1.457839	1
559	-105.979574	1.446167	1
560	-105.979131	1.423826	1
561	-105.970488	1.366509	1
562	-105.965317	1.434285	1
563	-105.964651	1.376336	1
564	-105.962985	1.342446	1
565	-105.958568	1.37198	1
566	-105.952077	1.444118	1
567	-105.951112	1.383329	1
568	-105.948294	1.396384	1
569	-105.940439	1.433481	1
570	-105.915724	1.441275	1
571	-105.906544	1.340955	1
572	-105.905171	1.360225	1
573	-105.897029	1.388283	1
574	-105.878563	1.399773	1
575	-105.876798	1.349567	1
576	-105.865604	1.376904	1
577	-105.859351	1.384448	1
578	-105.844167	1.434241	1
579	-105.839864	1.356106	1
580	-105.829334	1.384661	1
581	-105.824973	1.417569	1
582	-105.809288	1.431859	1
583	-105.808897	1.379228	1
584	-105.787355	1.377076	1
585	-105.783268	1.397437	1
586	-105.764926	1.374396	1
587	-105.758683	1.382182	1
588	-105.758148	1.405456	1
589	-105.754757	1.391549	1
590	-105.753734	1.340828	1
591	-105.740933	1.401437	1
592	-105.740116	1.384368	1
593	-105.73963	1.421437	1
594	-105.735009	1.445304	1
595	-105.723987	1.430446	1
596	-105.723703	1.473407	1
597	-105.722167	1.381775	1
598	-105.710657	1.357203	1
599	-105.708858	1.403631	1
600	-105.708485	1.400942	1
601	-105.707302	1.412391	1
602	-105.704157	1.417278	1
603	-105.701471	1.365392	1
604	-105.683779	1.360445	1
605	-105.682543	1.43573	1
606	-105.67585	1.406368	1
607	-105.672148	1.419617	1
608	-105.667439	1.362177	1
609	-105.662134	1.432265	1
610	-105.64505	1.40808	1
611	-105.644325	1.450706	1
612	-105.635328	1.401424	1
613	-105.626052	1.329812	1
614	-105.62568	1.401256	1
615	-105.620654	1.422708	1
616	-105.617699	1.436117	1
617	-105.59415	1.38021	1
618	-105.594039	1.434758	1
619	-105.592042	1.436438	1
620	-105.588476	1.40304	1
621	-105.587021	1.337171	1
622	-105.575582	1.38942	1
623	-105.57226	1.441326	1
624	-105.567231	1.454887	1
625	-105.541282	1.394662	1
626	-105.515355	1.427824	1
627	-105.511984	1.392518	1
628	-105.504375	1.413506	1
629	-105.485298	1.398429	1
630	-105.479061	1.399966	1
631	-105.465857	1.349328	1
632	-105.456374	1.427292	1
633	-105.445392	1.439277	1
634	-105.418698	1.405551	1
635	-105.417237	1.419643	1
636	-105.407923	1.366936	1
637	-105.405253	1.389846	1
638	-105.402567	1.338173	1
639	-105.401466	1.432537	1
640	-105.396065	1.374185	1
641	-105.39509	1.369658	1
642	-105.391894	1.408385	1
643	-105.389188	1.428667	1
644	-105.387432	1.46827	1
645	-105.384111	1.43352	1
646	-105.363609	1.445598	1
647	-105.345471	1.421611	1
648	-105.341577	1.416153	1
649	-105.33614	1.443804	1
650	-105.329625	1.366872	1
651	-105.328459	1.396757	1
652	-105.324355	1.446135	1
653	-105.323724	1.356044	1
654	-105.311686	1.42378	1
655	-105.307071	1.394944	1
656	-105.297862	1.343709	1
657	-105.292264	1.364427	1
658	-105.290833	1.365101	1
659	-105.286742	1.434344	1
660	-105.283612	1.440773	1
661	-105.278063	1.245796	1
662	-105.272312	1.431344	1
663	-105.264654	1.353957	1
664	-105.243701	1.365007	1
665	-105.238064	1.343055	1
666	-105.232685	1.416279	1
667	-105.225168	1.414157	1
668	-105.210969	1.439634	1
669	-105.209683	1.446162	1
670	-105.199327	1.449422	1
671	-105.193783	1.418918	1
672	-105.19233	1.33549	1
673	-105.192153	1.437149	1
674	-105.19062	1.408964	1
675	-105.184299	1.36483	1
676	-105.164437	1.338857	1
677	-105.158474	1.344613	1
678	-105.145432	1.31347	1
679	-105.137841	1.302738	1
680	-105.136949	1.4276	1
681	-105.131681	1.373825	1
682	-105.128859	1.362447	1
683	-105.12748	1.349788	1
684	-105.10528	1.409407	1
685	-105.103078	1.400176	1
686	-105.100882	1.362875	1
687	-105.100726	1.372873	1
688	-105.10043	1.435693	1
689	-105.092181	1.425574	1
690	-105.089772	1.410603	1
691	-105.087135	1.367587	1
692	-105.083775	1.350763	1
693	-105.075246	1.417953	1
694	-105.070747	1.406123	1
695	-105.07002	1.422267	1
696	-105.065035	1.379393	1
697	-105.06216	1.447981	1
698	-105.060476	1.419765	1
699	-105.0592	1.426516	1
700	-105.051668	1.34342	1
701	-105.051628	1.387796	1
702	-105.040834	1.424843	1
703	-105.032594	1.370801	1
704	-105.027076	1.414097	1
705	-105.021354	1.349827	1
706	-104.997895	1.389919	1
707	-104.997008	1.374795	1
708	-104.979074	1.338934	1
709	-104.977705	1.398577	1
710	-104.976678	1.37547	1
711	-104.973493	1.356374	1
712	-104.970479	1.378183	1
713	-104.963143	1.410106	1
714	-104.961473	1.288394	1
715	-104.950678	1.427772	1
716	-104.948362	1.432155	1
717	-104.947639	1.416272	1
718	-104.943789	1.393497	1
719	-104.942461	1.398911	1
720	-104.940998	1.339512	1
721	-104.935007	1.41168	1
722	-104.933129	1.424431	1
723	-104.928149	1.399581	1
724	-104.928094	1.341098	1
725	-104.913369	1.401309	1
726	-104.907285	1.366112	1
727	-104.905917	1.400359	1
728	-104.899114	1.396618	1
729	-104.884909	1.385669	1
730	-104.880986	1.376217	1
731	-104.87496	1.432151	1
732	-104.867061	1.405088	1
733	-104.866033	1.413439	1
734	-104.860919	1.437763	1
735	-104.837229	1.407003	1
736	-104.836164	1.348415	1
737	-104.832197	1.427819	1
738	-104.823379	1.478098	1
739	-104.815762	1.396251	1
740	-104.810753	1.411342	1
741	-104.806117	1.406685	1
742	-104.802857	1.327968	1
743	-104.800401	1.371149	1
744	-104.797144	1.330917	1
745	-104.795728	1.385409	1
746	-104.784038	1.377892	1
747	-104.778286	1.400891	1
748	-104.770632	1.369079	1
749	-104.762359	1.403864	1
750	-104.76004	1.347494	1
751	-104.758622	1.332432	1
752	-104.758487	1.425286	1
753	-104.75389	1.474228	1
754	-104.749662	1.445001	1
755	-104.711117	1.337729	1
756	-104.705768	1.416264	1
757	-104.703167	1.358085	1
758	-104.701399	1.355189	1
759	-104.696828	1.481603	1
760	-104.696177	1.363972	1
761	-104.691339	1.399883	1
762	-104.683643	1.401847	1
763	-104.679349	1.428244	1
764	-104.67196	1.362108	1
765	-104.648494	1.345882	1
766	-104.629513	1.418793	1
767	-104.622486	1.352554	1
768	-104.618204	1.371262	1
769	-104.615443	1.358284	1
770	-104.610874	1.412757	1
771	-104.606863	1.44019	1
772	-104.604603	1.362212	1
773	-104.598874	1.364558	1
774	-104.597346	1.394308	1
775	-104.588236	1.481274	1
776	-104.586824	1.394755	1
777	-104.583347	1.398584	1
778	-104.572089	1.301047	1
779	-104.562661	1.368278	1
780	-104.559932	1.389518	1
781	-104.552944	1.420531	1
782	-104.529803	1.342505	1
783	-104.52418	1.441315	1
784	-104.52292	1.351158	1
785	-104.520105	1.358075	1
786	-104.519663	1.370055	1
787	-104.515941	1.403559	1
788	-104.513873	1.444405	1
789	-104.510499	1.408291	1
790	-104.503432	1.398333	1
791	-104.50131	1.389372	1
792	-104.49885	1.443345	1
793	-104.495278	1.356066	1
794	-104.486033	1.423755	1
795	-104.485743	1.41812	1
796	-104.479713	1.311597	1
797	-104.469773	1.387265	1
798	-104.463462	1.389767	1
799	-104.460985	1.392161	1
800	-104.454572	1.346919	1
801	-104.446569	1.397375	1
802	-104.433632	1.359273	1
803	-104.41607	1.346964	1
804	-104.411272	1.411098	1
805	-104.406875	1.414467	1
806	-104.406303	1.357379	1
807	-104.395405	1.391356	1
808	-104.394034	1.392326	1
809	-104.391598	1.347953	1
810	-104.389019	1.393264	1
811	-104.388096	1.420586	1
812	-104.379432	1.370163	1
813	-104.378987	1.338344	1
814	-104.37734	1.40358	1
815	-104.375193	1.296904	1
816	-104.374636	1.311155	1
817	-104.363071	1.303877	1
818	-104.357881	1.411539	1
819	-104.348753	1.443535	1
820	-104.345203	1.421939	1
821	-104.3399	1.397192	1
822	-104.331116	1.414705	1
823	-104.320522	1.358157	1
824	-104.312015	1.348571	1
825	-104.31084	1.397336	1
826	-104.303573	1.338399	1
827	-104.291588	1.361441	1
828	-104.282887	1.351813	1
829	-104.282429	1.372038	1
830	-104.280596	1.38584	1
831	-104.278368	1.423711	1
832	-104.273174	1.341213	1
833	-104.270884	1.457341	1
834	-104.265459	1.351173	1
835	-104.263207	1.337041	1
836	-104.261568	1.383426	1
837	-104.260734	1.378241	1
838	-104.255328	1.413953	1
839	-104.252846	1.405565	1
840	-104.252419	1.440197	1
841	-104.249471	1.40493	1
842	-104.245643	1.402268	1
843	-104.245356	1.386942	1
844	-104.229169	1.347016	1
845	-104.226412	1.419379	1
846	-104.224679	1.314938	1
847	-104.215562	1.305202	1
848	-104.213454	1.367732	1
849	-104.210203	1.346755	1
850	-104.209424	1.405374	1
851	-104.203832	1.368845	1
852	-104.201745	1.439952	1
853	-104.19914	1.4366	1
854	-104.198113	1.448761	1
855	-104.165666	1.334382	1
856	-104.15531	1.402999	1
857	-104.150155	1.404802	1
858	-104.149321	1.432054	1
859	-104.148911	1.364807	1
860	-104.148529	1.36983	1
861	-104.142288	1.367087	1
862	-104.116372	1.358502	1
863	-104.105886	1.359697	1
864	-104.1054	1.395573	1
865	-104.080209	1.3998	1
866	-104.078195	1.394597	1
867	-104.074456	1.355308	1
868	-104.070957	1.401774	1
869	-104.069922	1.394455	1
870	-104.06879	1.307008	1
871	-104.063416	1.402271	1
872	-104.063344	1.349456	1
873	-104.057364	1.423622	1
874	-104.049786	1.435316	1
875	-104.03323	1.412085	1
876	-103.996156	1.372686	1
877	-103.990782	1.340705	1
878	-103.923229	1.407767	1
879	-103.920122	1.429982	1
880	-103.916372	1.438831	1
881	-103.914455	1.424247	1
882	-103.907765	1.403013	1
883	-103.892975	1.284155	1
884	-103.883873	1.38049	1
885	-103.876421	1.381811	1
886	-103.874232	1.367726	1
887	-103.873921	1.359301	1
888	-103.859447	1.357647	1
889	-103.855853	1.349204	1
890	-103.852767	1.339208	1
891	-103.848277	1.427316	1
892	-103.842444	1.358334	1
893	-103.840406	1.37204	1
894	-103.81723	1.388608	1
895	-103.815872	1.426871	1
896	-103.811776	1.452029	1
897	-103.808932	1.345969	1
898	-103.806033	1.356972	1
899	-103.805862	1.387828	1
900	-103.801132	1.412966	1
901	-103.799355	1.344419	1
902	-103.796801	1.337907	1
903	-103.788387	1.408134	1
904	-103.787771	1.416866	1
905	-103.77694	1.449654	1
906	-103.769536	1.423044	1
907	-103.769215	1.331861	1
908	-103.768716	1.392093	1
909	-103.762134	1.416796	1
910	-103.757343	1.370147	1
911	-103.743812	1.429668	1
912	-103.736092	1.339802	1
913	-103.734758	1.409815	1
914	-103.7318	1.448056	1
915	-103.725272	1.372479	1
916	-103.724171	1.380362	1
917	-103.714227	1.385632	1
918	-103.710635	1.451613	1
919	-103.707962	1.365235	1
920	-103.691041	1.430033	1
921	-103.690662	1.339256	1
922	-103.689848	1.383139	1
923	-103.689808	1.371403	1
924	-103.676157	1.365134	1
925	-103.675956	1.40313	1
926	-103.674392	1.433883	1
927	-103.6736	1.366382	1
928	-103.668481	1.422146	1
929	-103.667858	1.335533	1
930	-103.66616	1.377018	1
931	-103.663759	1.39152	1
932	-103.661986	1.385522	1
933	-103.65224	1.432637	1
934	-103.65	1.384868	1
935	-103.642769	1.363496	1
936	-103.637339	1.383323	1
937	-103.634327	1.331147	1
938	-103.622875	1.309073	1
939	-103.612869	1.380375	1
940	-103.61025	1.42215	1
941	-103.600081	1.304202	1
942	-103.598374	1.366223	1
943	-103.58108	1.38999	1
944	-103.580224	1.373558	1
945	-103.570525	1.34841	1
946	-103.568112	1.330506	1
947	-103.563929	1.33138	1
948	-103.553481	1.408696	1
949	-103.552327	1.426321	1
950	-103.550223	1.402948	1
951	-103.54889	1.33279	1
952	-103.547395	1.249838	1
953	-103.541554	1.401252	1
954	-103.533143	1.378941	1
955	-103.526888	1.381683	1
956	-103.520035	1.427301	1
957	-103.519252	1.407246	1
958	-103.515295	1.379504	1
959	-103.507517	1.342283	1
960	-103.507292	1.414067	1
961	-103.50559	1.361646	1
962	-103.505111	1.417447	1
963	-103.503239	1.394723	1
964	-103.496142	1.396869	1
965	-103.496128	1.399502	1
966	-103.484523	1.43672	1
967	-103.478696	1.364284	1
968	-103.47812	1.464209	1
969	-103.475291	1.401629	1
970	-103.463767	1.337816	1
971	-103.463692	1.434203	1
972	-103.462106	1.382807	1
973	-103.450079	1.328897	1
974	-103.449703	1.376351	1
975	-103.447437	1.319472	1
976	-103.446404	1.352302	1
977	-103.443696	1.376166	1
978	-103.441979	1.387456	1
979	-103.438233	1.374786	1
980	-103.435431	1.365664	1
981	-103.434882	1.350183	1
982	-103.432825	1.429505	1
983	-103.429675	1.370877	1
984	-103.428055	1.341459	1
985	-103.426095	1.412709	1
986	-103.424721	1.35722	1
987	-103.424495	1.420826	1
988	-103.409151	1.377834	1
989	-103.391578	1.406328	1
990	-103.38735	1.397821	1
991	-103.386223	1.364737	1
992	-103.38264	1.391593	1
993	-103.380628	1.39494	1
994	-103.380147	1.417062	1
995	-103.379866	1.410616	1
996	-103.377155	1.31275	1
997	-103.375084	1.330991	1
998	-103.365433	1.336344	1
999	-103.360145	1.390211	1
1000	-103.345844	1.366866	1
1001	-103.323803	1.415178	1
1002	-103.318427	1.414984	1
1003	-103.315602	1.367082	1
1004	-103.310734	1.417998	1
1005	-103.306417	1.385562	1
1006	-103.29542	1.268549	1
1007	-103.286113	1.316836	1
1008	-103.280589	1.397362	1
1009	-103.277776	1.282693	1
1010	-103.263631	1.396431	1
1011	-103.262171	1.331778	1
1012	-103.249176	1.431865	1
1013	-103.241607	1.343391	1
1014	-103.237329	1.332131	1
1015	-103.234112	1.355557	1
1016	-103.22646	1.342294	1
1017	-103.222553	1.332902	1
1018	-103.218762	1.40228	1
1019	-103.215647	1.329403	1
1020	-103.214216	1.417736	1
1021	-103.213921	1.292796	1
1022	-103.210725	1.390342	1
1023	-103.204965	1.33686	1
1024	-103.20439	1.400469	1
1025	-103.200215	1.417393	1
1026	-103.190502	1.367826	1
1027	-103.189352	1.431551	1
1028	-103.180651	1.307967	1
1029	-103.179312	1.336092	1
1030	-103.178734	1.409094	1
1031	-103.178114	1.432046	1
1032	-103.176248	1.316726	1
1033	-103.175364	1.427725	1
1034	-103.174914	1.394494	1
1035	-103.169541	1.416806	1
1036	-103.165817	1.463734	1
1037	-103.165159	1.321374	1
1038	-103.163886	1.33754	1
1039	-103.150669	1.339198	1
1040	-103.148517	1.339171	1
1041	-103.142035	1.38794	1
1042	-103.138673	1.379206	1
1043	-103.138272	1.394399	1
1044	-103.128081	1.394352	1
1045	-103.126104	1.341462	1
1046	-103.123051	1.43143	1
1047	-103.122164	1.367157	1
1048	-103.116184	1.325697	1
1049	-103.113834	1.351364	1
1050	-103.10414	1.348507	1
1051	-103.100425	1.413362	1
1052	-103.090543	1.415236	1
1053	-103.085783	1.374773	1
1054	-103.080982	1.376649	1
1055	-103.075957	1.36978	1
1056	-103.075667	1.428998	1
1057	-103.0721	1.390312	1
1058	-103.059463	1.353012	1
1059	-103.048645	1.353912	1
1060	-103.047752	1.377309	1
1061	-103.045427	1.406501	1
1062	-103.042175	1.379349	1
1063	-103.039438	1.37824	1
1064	-103.027323	1.367268	1
1065	-103.024859	1.432945	1
1066	-103.024273	1.378967	1
1067	-103.021849	1.405755	1
1068	-103.021151	1.327635	1
1069	-103.017202	1.359419	1
1070	-103.016058	1.483675	1
1071	-103.013038	1.370432	1
1072	-103.008955	1.403584	1
1073	-103.000044	1.358527	1
1074	-102.999929	1.419618	1
1075	-102.996879	1.382629	1
1076	-102.995244	1.384693	1
1077	-102.993173	1.396146	1
1078	-102.986408	1.369741	1
1079	-102.986333	1.329193	1
1080	-102.981453	1.337142	1
1081	-102.978167	1.345747	1
1082	-102.975931	1.301359	1
1083	-102.96849	1.338884	1
1084	-102.949111	1.369945	1
1085	-102.941265	1.378024	1
1086	-102.941059	1.398364	1
1087	-102.930355	1.425653	1
1088	-102.928329	1.385093	1
1089	-102.925363	1.348393	1
1090	-102.921005	1.389922	1
1091	-102.918696	1.321635	1
1092	-102.918488	1.417196	1
1093	-102.912084	1.305117	1
1094	-102.91129	1.351518	1
1095	-102.905742	1.327808	1
1096	-102.898929	1.445643	1
1097	-102.893199	1.382329	1
1098	-102.891662	1.376485	1
1099	-102.891405	1.357444	1
1100	-102.890878	1.341865	1
1101	-102.881637	1.358312	1
1102	-102.877407	1.32163	1
1103	-102.855391	1.385747	1
1104	-102.854031	1.360484	1
1105	-102.845142	1.380478	1
1106	-102.835998	1.457489	1
1107	-102.831116	1.391349	1
1108	-102.830935	1.259698	1
1109	-102.829272	1.410965	1
1110	-102.81974	1.358304	1
1111	-102.811714	1.315065	1
1112	-102.808284	1.343569	1
1113	-102.808035	1.405175	1
1114	-102.802537	1.409609	1
1115	-102.792212	1.391386	1
1116	-102.789335	1.420746	1
1117	-102.789023	1.42422	1
1118	-102.786801	1.333246	1
1119	-102.784404	1.363431	1
1120	-102.779415	1.293181	1
1121	-102.775351	1.325013	1
1122	-102.768894	1.398389	1
1123	-102.763293	1.348412	1
1124	-102.76328	1.36346	1
1125	-102.755318	1.404571	1
1126	-102.751844	1.357281	1
1127	-102.750352	1.392701	1
1128	-102.75021	1.38758	1
1129	-102.748016	1.330503	1
1130	-102.744563	1.361352	1
1131	-102.743711	1.398551	1
1132	-102.739336	1.420692	1
1133	-102.735199	1.426688	1
1134	-102.733779	1.328056	1
1135	-102.733312	1.391216	1
1136	-102.731433	1.425252	1
1137	-102.72151	1.424768	1
1138	-102.703925	1.354869	1
1139	-102.701448	1.392526	1
1140	-102.69801	1.375428	1
1141	-102.696706	1.382807	1
1142	-102.693926	1.351569	1
1143	-102.689711	1.368798	1
1144	-102.674011	1.39308	1
1145	-102.67177	1.366675	1
1146	-102.670763	1.288028	1
1147	-102.662805	1.3764	1
1148	-102.66092	1.377841	1
1149	-102.649504	1.397381	1
1150	-102.647541	1.316149	1
1151	-102.644944	1.394864	1
1152	-102.637891	1.329817	1
1153	-102.634762	1.417122	1
1154	-102.628138	1.361083	1
1155	-102.627383	1.418173	1
1156	-102.627159	1.39508	1
1157	-102.62107	1.336641	1
1158	-102.616506	1.383428	1
1159	-102.607407	1.432701	1
1160	-102.599939	1.395613	1
1161	-102.592762	1.392074	1
1162	-102.586984	1.405019	1
1163	-102.581744	1.375996	1
1164	-102.58075	1.37231	1
1165	-102.580001	1.368355	1
1166	-102.57892	1.422912	1
1167	-102.577448	1.393992	1
1168	-102.574573	1.335724	1
1169	-102.562564	1.353127	1
1170	-102.561487	1.394584	1
1171	-102.560079	1.39003	1
1172	-102.559456	1.407008	1
1173	-102.557156	1.334389	1
1174	-102.556835	1.372268	1
1175	-102.555027	1.435063	1
1176	-102.538096	1.405886	1
1177	-102.533114	1.288408	1
1178	-102.531824	1.291568	1
1179	-102.526937	1.342633	1
1180	-102.522328	1.33447	1
1181	-102.520483	1.377274	1
1182	-102.520032	1.385438	1
1183	-102.514359	1.405802	1
1184	-102.507543	1.449719	1
1185	-102.495791	1.408355	1
1186	-102.493618	1.39481	1
1187	-102.48993	1.287914	1
1188	-102.480812	1.373516	1
1189	-102.470468	1.334288	1
1190	-102.47045	1.335623	1
1191	-102.458378	1.347721	1
1192	-102.457673	1.458721	1
1193	-102.454878	1.344927	1
1194	-102.454785	1.413143	1
1195	-102.452046	1.339274	1
1196	-102.449511	1.37711	1
1197	-102.449455	1.298499	1
1198	-102.448116	1.407	1
1199	-102.445291	1.29944	1
1200	-102.444189	1.320326	1
1201	-102.441556	1.397516	1
1202	-102.428733	1.392759	1
1203	-102.4271	1.392563	1
1204	-102.426099	1.405273	1
1205	-102.425104	1.379516	1
1206	-102.414718	1.292309	1
1207	-102.41445	1.370561	1
1208	-102.414418	1.346576	1
1209	-102.411289	1.409827	1
1210	-102.409173	1.390992	1
1211	-102.400665	1.368655	1
1212	-102.398226	1.3677	1
1213	-102.384203	1.429304	1
1214	-102.378639	1.353994	1
1215	-102.371715	1.379408	1
1216	-102.367555	1.404327	1
1217	-102.367384	1.373178	1
1218	-102.362435	1.339499	1
1219	-102.361857	1.393761	1
1220	-102.359792	1.348419	1
1221	-102.353756	1.310273	1
1222	-102.352928	1.415842	1
1223	-102.351959	1.354452	1
1224	-102.348603	1.39489	1
1225	-102.347425	1.403227	1
1226	-102.345989	1.425364	1
1227	-102.345256	1.372139	1
1228	-102.336945	1.371468	1
1229	-102.331322	1.401971	1
1230	-102.327736	1.348072	1
1231	-102.327394	1.380749	1
1232	-102.326899	1.3294	1
1233	-102.30617	1.43982	1
1234	-102.299677	1.295313	1
1235	-102.294888	1.381189	1
1236	-102.289291	1.349804	1
1237	-102.285946	1.398747	1
1238	-102.284851	1.375055	1
1239	-102.275187	1.382739	1
1240	-102.274583	1.338758	1
1241	-102.27301	1.389477	1
1242	-102.26947	1.430781	1
1243	-102.267768	1.416705	1
1244	-102.262451	1.408314	1
1245	-102.258761	1.405336	1
1246	-102.255774	1.326021	1
1247	-102.254291	1.395457	1
1248	-102.251675	1.423796	1
1249	-102.249743	1.404664	1
1250	-102.248182	1.364106	1
1251	-102.245644	1.389332	1
1252	-102.24448	1.379376	1
1253	-102.240836	1.312396	1
1254	-102.237768	1.378787	1
1255	-102.232604	1.428793	1
1256	-102.229421	1.401289	1
1257	-102.227555	1.368542	1
1258	-102.22081	1.344952	1
1259	-102.208353	1.364843	1
1260	-102.208262	1.37451	1
1261	-102.198232	1.365015	1
1262	-102.190554	1.397054	1
1263	-102.186891	1.377132	1
1264	-102.185667	1.351475	1
1265	-102.182996	1.351745	1
1266	-102.17978	1.36106	1
1267	-102.171272	1.415581	1
1268	-102.169551	1.31954	1
1269	-102.157641	1.394869	1
1270	-102.155844	1.377539	1
1271	-102.155678	1.39741	1
1272	-102.154383	1.437366	1
1273	-102.15304	1.289824	1
1274	-102.147695	1.357076	1
1275	-102.145095	1.380907	1
1276	-102.143766	1.396236	1
1277	-102.142287	1.425937	1
1278	-102.140721	1.366958	1
1279	-102.139769	1.318227	1
1280	-102.137402	1.428647	1
1281	-102.133162	1.351321	1
1282	-102.12823	1.323141	1
1283	-102.12759	1.381946	1
1284	-102.124069	1.420442	1
1285	-102.123687	1.376552	1
1286	-102.119692	1.342573	1
1287	-102.115553	1.354232	1
1288	-102.110334	1.41845	1
1289	-102.108445	1.427699	1
1290	-102.107904	1.36238	1
1291	-102.105462	1.371914	1
1292	-102.098455	1.371036	1
1293	-102.094224	1.395694	1
1294	-102.091626	1.410844	1
1295	-102.087141	1.330969	1
1296	-102.079736	1.315063	1
1297	-102.076026	1.268135	1
1298	-102.06972	1.380485	1
1299	-102.063065	1.330064	1
1300	-102.062227	1.426462	1
1301	-102.053234	1.324137	1
1302	-102.052466	1.364913	1
1303	-102.051821	1.395991	1
1304	-102.048924	1.39711	1
1305	-102.046675	1.331186	1
1306	-102.04271	1.3767	1
1307	-102.042651	1.375064	1
1308	-102.041424	1.383801	1
1309	-102.038741	1.39589	1
1310	-102.037783	1.360251	1
1311	-102.036677	1.424523	1
1312	-102.033771	1.453316	1
1313	-102.0315	1.300313	1
1314	-102.027402	1.396874	1
1315	-102.022896	1.392171	1
1316	-102.021286	1.375285	1
1317	-102.020468	1.400004	1
1318	-102.011576	1.393321	1
1319	-102.002236	1.386876	1
1320	-101.999495	1.386503	1
1321	-101.998111	1.379284	1
1322	-101.994773	1.38458	1
1323	-101.992828	1.385527	1
1324	-101.987627	1.3565	1
1325	-101.984886	1.418908	1
1326	-101.984015	1.390517	1
1327	-101.983681	1.242285	1
1328	-101.973912	1.479579	1
1329	-101.973123	1.384752	1
1330	-101.972305	1.356539	1
1331	-101.971068	1.375438	1
1332	-101.969639	1.397024	1
1333	-101.968759	1.41339	1
1334	-101.962584	1.426208	1
1335	-101.962353	1.399694	1
1336	-101.961349	1.397348	1
1337	-101.960755	1.48259	1
1338	-101.95272	1.324455	1
1339	-101.95194	1.412457	1
1340	-101.949237	1.361725	1
1341	-101.947173	1.371499	1
1342	-101.940489	1.343276	1
1343	-101.93508	1.310896	1
1344	-101.931427	1.36335	1
1345	-101.931143	1.32645	1
1346	-101.929486	1.447216	1
1347	-101.916336	1.348468	1
1348	-101.915179	1.260953	1
