0	-133.148313	1.528761	1
1	-132.283853	1.536403	1
2	-130.926909	1.540675	1
3	-130.693526	1.508826	1
4	-130.562768	1.502818	1
5	-130.556245	1.512073	1
6	-130.189524	1.502646	1
7	-130.092317	1.533127	1
8	-129.994628	1.512134	1
9	-129.550812	1.538673	1
10	-129.308886	1.474181	1
11	-129.164741	1.501819	1
12	-129.055436	1.531182	1
13	-128.989972	1.517897	1
14	-128.911638	1.514177	1
15	-128.671383	1.538641	1
16	-128.587448	1.511253	1
17	-128.554091	1.506622	1
18	-128.467384	1.49743	1
19	-128.377864	1.51854	1
20	-128.228228	1.498215	1
21	-128.150712	1.487059	1
22	-128.129244	1.486816	1
23	-128.117021	1.513068	1
24	-128.088977	1.506452	1
25	-128.059321	1.551705	1
26	-128.010948	1.524652	1
27	-127.946452	1.500206	1
28	-127.904594	1.477382	1
29	-127.904371	1.502033	1
30	-127.826572	1.496362	1
31	-127.651684	1.505962	1
32	-127.514755	1.497578	1
33	-127.467	1.47606	1
34	-127.430408	1.498509	1
35	-127.400001	1.476723	1
36	-127.298125	1.484993	1
37	-127.255172	1.500355	1
38	-127.216582	1.504267	1
39	-127.132679	1.480487	1
40	-127.091416	1.494231	1
41	-127.05788	1.460612	1
42	-127.056039	1.511986	1
43	-127.011751	1.551811	1
44	-126.984749	1.486327	1
45	-126.981984	1.491292	1
46	-126.944999	1.47952	1
47	-126.929214	1.493319	1
48	-126.924204	1.505017	1
49	-126.898538	1.519705	1
50	-126.884795	1.502476	1
51	-126.746086	1.483188	1
52	-126.741252	1.501143	1
53	-126.63772	1.504621	1
54	-126.585449	1.522004	1
55	-126.570459	1.485431	1
56	-126.52993	1.490425	1
57	-126.517849	1.492516	1
58	-126.505398	1.520087	1
59	-126.49893	1.510842	1
60	-126.490328	1.469622	1
61	-126.451449	1.488403	1
62	-126.411722	1.491204	1
63	-126.389632	1.497944	1
64	-126.388503	1.513642	1
65	-126.357301	1.480808	1
66	-126.299007	1.491227	1
67	-126.294737	1.505854	1
68	-126.292343	1.490816	1
69	-126.292008	1.505816	1
70	-126.184455	1.492503	1
71	-126.177356	1.494253	1
72	-126.168095	1.492359	1
73	-126.168092	1.492359	1
74	-126.128245	1.497649	1
75	-126.113261	1.491606	1
76	-126.093384	1.495956	1
77	-126.073651	1.490406	1
78	-126.070411	1.479825	1
79	-126.053111	1.495567	1
80	-126.05309	1.495567	1
81	-126.039158	1.488519	1
82	-126.038778	1.482088	1
83	-126.038256	1.484515	1
84	-126.037578	1.484489	1
85	-126.037578	1.484489	1
86	-126.037577	1.484489	1
87	-126.037574	1.484489	1
88	-126.037571	1.484489	1
89	-126.037557	1.484488	1
90	-126.037542	1.484488	1
91	-126.03563	1.48448	1
92	-126.035373	1.484478	1
93	-126.012495	1.480908	1
94	-126.004995	1.469375	1
95	-125.968495	1.481903	1
96	-125.957011	1.510814	1
97	-125.939851	1.482477	1
98	-125.909546	1.52291	1
99	-125.844944	1.481596	1
100	-125.839878	1.511895	1
101	-125.822678	1.511632	1
102	-125.794933	1.47942	1
103	-125.78952	1.505376	1
104	-125.780333	1.506926	1
105	-125.769823	1.45241	1
106	-125.763926	1.465882	1
107	-125.750252	1.482477	1
108	-125.745754	1.459163	1
109	-125.719699	1.486884	1
110	-125.651627	1.479243	1
111	-125.629277	1.487445	1
112	-125.588942	1.498956	1
113	-125.577346	1.485641	1
114	-125.561349	1.491119	1
115	-125.554609	1.494376	1
116	-125.543167	1.501144	1
117	-125.52058	1.49072	1
118	-125.489093	1.455969	1
119	-125.488761	1.474564	1
120	-125.432724	1.474322	1
121	-125.424278	1.463395	1
122	-125.318822	1.484798	1
123	-125.318734	1.484797	1
124	-125.318729	1.484797	1
125	-125.291839	1.484693	1
126	-125.271119	1.493212	1
127	-125.24446	1.490415	1
128	-125.227261	1.467165	1
129	-125.188128	1.489856	1
130	-125.151021	1.475326	1
131	-125.134198	1.479439	1
132	-125.122273	1.471834	1
133	-125.111505	1.4901	1
134	-125.104446	1.497567	1
135	-125.006551	1.511516	1
136	-124.930758	1.451463	1
137	-124.868064	1.494533	1
138	-124.860406	1.47673	1
139	-124.849685	1.459268	1
140	-124.838467	1.477638	1
141	-124.837835	1.469892	1
142	-124.816861	1.5012	1
143	-124.811142	1.47564	1
144	-124.792782	1.513117	1
145	-124.762612	1.475724	1
146	-124.722756	1.496724	1
147	-124.714589	1.486934	1
148	-124.653443	1.432494	1
149	-124.647213	1.460378	1
150	-124.640437	1.492592	1
151	-124.621389	1.464395	1
152	-124.609662	1.476987	1
153	-124.598102	1.461921	1
154	-124.593398	1.480288	1
155	-124.583834	1.476872	1
156	-124.564628	1.439375	1
157	-124.550547	1.463711	1
158	-124.541263	1.501632	1
159	-124.520271	1.477881	1
160	-124.503907	1.480284	1
161	-124.43768	1.430705	1
162	-124.431807	1.482077	1
163	-124.405944	1.479728	1
164	-124.400075	1.48707	1
165	-124.396046	1.416254	1
166	-124.393923	1.497174	1
167	-124.389722	1.47726	1
168	-124.386385	1.463483	1
169	-124.382265	1.505844	1
170	-124.365303	1.488945	1
171	-124.332623	1.480852	1
172	-124.326729	1.475249	1
173	-124.325745	1.481213	1
174	-124.320431	1.500618	1
175	-124.302308	1.488721	1
176	-124.288837	1.479141	1
177	-124.276789	1.476123	1
178	-124.228403	1.439217	1
179	-124.219043	1.47073	1
180	-124.216011	1.458752	1
181	-124.208195	1.468256	1
182	-124.206647	1.468816	1
183	-124.193084	1.465521	1
184	-124.187096	1.455441	1
185	-124.166656	1.525426	1
186	-124.150168	1.489688	1
187	-124.109369	1.459589	1
188	-124.083716	1.464544	1
189	-124.059035	1.476683	1
190	-124.038919	1.476339	1
191	-124.025991	1.476325	1
192	-124.002134	1.478841	1
193	-123.995594	1.475262	1
194	-123.955432	1.47428	1
195	-123.940625	1.492969	1
196	-123.890828	1.486839	1
197	-123.860748	1.466578	1
198	-123.841613	1.495077	1
199	-123.80975	1.471667	1
200	-123.801735	1.458807	1
201	-123.798584	1.497749	1
202	-123.790709	1.467632	1
203	-123.790095	1.460362	1
204	-123.787601	1.478442	1
205	-123.762546	1.465503	1
206	-123.73267	1.470419	1
207	-123.730832	1.472542	1
208	-123.711627	1.48204	1
209	-123.704053	1.471738	1
210	-123.690745	1.477847	1
211	-123.688555	1.478014	1
212	-123.68569	1.494772	1
213	-123.677496	1.474597	1
214	-123.677067	1.487367	1
215	-123.674389	1.460148	1
216	-123.673467	1.478761	1
217	-123.665173	1.503811	1
218	-123.652615	1.452611	1
219	-123.638814	1.436629	1
220	-123.623717	1.447718	1
221	-123.583203	1.488983	1
222	-123.577352	1.471265	1
223	-123.573082	1.484444	1
224	-123.545817	1.474155	1
225	-123.531628	1.464555	1
226	-123.50828	1.468938	1
227	-123.494237	1.465579	1
228	-123.472017	1.447827	1
229	-123.463361	1.496502	1
230	-123.452879	1.473882	1
231	-123.449868	1.463721	1
232	-123.449141	1.489743	1
233	-123.446899	1.47869	1
234	-123.441016	1.488496	1
235	-123.436816	1.459296	1
236	-123.430194	1.459235	1
237	-123.427071	1.470058	1
238	-123.423365	1.478243	1
239	-123.405707	1.482717	1
240	-123.402807	1.454803	1
241	-123.39138	1.507351	1
242	-123.380238	1.423545	1
243	-123.367087	1.510291	1
244	-123.349215	1.483128	1
245	-123.341196	1.510511	1
246	-123.33803	1.506337	1
247	-123.306289	1.478445	1
248	-123.305247	1.50371	1
249	-123.289493	1.435461	1
250	-123.287694	1.41597	1
251	-123.25881	1.455344	1
252	-123.236152	1.472008	1
253	-123.208359	1.447069	1
254	-123.205964	1.495063	1
255	-123.202625	1.455803	1
256	-123.182384	1.482889	1
257	-123.15881	1.468056	1
258	-123.155055	1.462401	1
259	-123.139014	1.498468	1
260	-123.121962	1.514718	1
261	-123.119274	1.439998	1
262	-123.099255	1.475271	1
263	-123.032874	1.466255	1
264	-123.025837	1.455492	1
265	-122.997976	1.525046	1
266	-122.996763	1.463185	1
267	-122.992592	1.455985	1
268	-122.976266	1.469029	1
269	-122.972185	1.462627	1
270	-122.957978	1.491758	1
271	-122.881436	1.490809	1
272	-122.869764	1.466773	1
273	-122.857531	1.527924	1
274	-122.857502	1.427051	1
275	-122.844101	1.486154	1
276	-122.838754	1.475192	1
277	-122.824844	1.485435	1
278	-122.817274	1.510498	1
279	-122.806376	1.491317	1
280	-122.788721	1.464882	1
281	-122.788613	1.464875	1
282	-122.787105	1.464862	1
283	-122.786988	1.46486	1
284	-122.786769	1.46487	1
285	-122.786763	1.46487	1
286	-122.786762	1.46487	1
287	-122.78676	1.46487	1
288	-122.786759	1.46487	1
289	-122.786755	1.46487	1
290	-122.786753	1.46487	1
291	-122.786753	1.46487	1
292	-122.786752	1.46487	1
293	-122.786749	1.46487	1
294	-122.786749	1.46487	1
295	-122.786747	1.46487	1
296	-122.786746	1.464871	1
297	-122.786746	1.46487	1
298	-122.786746	1.46487	1
299	-122.786745	1.46487	1
300	-122.786745	1.46487	1
301	-122.786745	1.46487	1
302	-122.786745	1.46487	1
303	-122.786745	1.46487	1
304	-122.786744	1.46487	1
305	-122.786743	1.46487	1
306	-122.786743	1.46487	1
307	-122.786741	1.46487	1
308	-122.78674	1.46487	1
309	-122.786739	1.46487	1
310	-122.786737	1.46487	1
311	-122.786735	1.46487	1
312	-122.786735	1.46487	1
313	-122.786733	1.46487	1
314	-122.786732	1.46487	1
315	-122.786729	1.46487	1
316	-122.786725	1.46487	1
317	-122.786668	1.464871	1
318	-122.786648	1.46487	1
319	-122.786453	1.464854	1
320	-122.785537	1.468648	1
321	-122.78188	1.464878	1
322	-122.781763	1.464877	1
323	-122.781757	1.464877	1
324	-122.781751	1.464877	1
325	-122.78175	1.464877	1
326	-122.78175	1.464877	1
327	-122.781749	1.464877	1
328	-122.781749	1.464877	1
329	-122.781748	1.464877	1
330	-122.781747	1.464877	1
331	-122.781745	1.464877	1
332	-122.781745	1.464877	1
333	-122.781744	1.464877	1
334	-122.781744	1.464877	1
335	-122.781744	1.464877	1
336	-122.781744	1.464877	1
337	-122.781744	1.464877	1
338	-122.781743	1.464877	1
339	-122.781743	1.464877	1
340	-122.781743	1.464877	1
341	-122.781742	1.464877	1
342	-122.781738	1.464877	1
343	-122.781733	1.464877	1
344	-122.78173	1.464877	1
345	-122.781724	1.464877	1
346	-122.781716	1.464877	1
347	-122.781711	1.464877	1
348	-122.781693	1.464877	1
349	-122.779931	1.464864	1
350	-122.778542	1.464852	1
351	-122.765532	1.405146	1
352	-122.764816	1.438597	1
353	-122.755213	1.472447	1
354	-122.724065	1.455487	1
355	-122.710138	1.467708	1
356	-122.71009	1.504089	1
357	-122.70985	1.448269	1
358	-122.703876	1.44679	1
359	-122.692047	1.45291	1
360	-122.691375	1.515584	1
361	-122.674316	1.457587	1
362	-122.663345	1.432559	1
363	-122.654951	1.431079	1
364	-122.629372	1.454089	1
365	-122.629287	1.440865	1
366	-122.627406	1.473159	1
367	-122.619494	1.49214	1
368	-122.606622	1.47848	1
369	-122.559456	1.478625	1
370	-122.538964	1.481115	1
371	-122.533303	1.490443	1
372	-122.522784	1.524393	1
373	-122.516526	1.4771	1
374	-122.514043	1.482614	1
375	-122.504172	1.462952	1
376	-122.494682	1.45568	1
377	-122.484111	1.445713	1
378	-122.475616	1.494452	1
379	-122.47544	1.475192	1
380	-122.467896	1.477689	1
381	-122.463839	1.470426	1
382	-122.453754	1.469116	1
383	-122.444144	1.459118	1
384	-122.439703	1.446263	1
385	-122.427432	1.491017	1
386	-122.420624	1.516632	1
387	-122.417601	1.465025	1
388	-122.40825	1.443396	1
389	-122.407697	1.474768	1
390	-122.406271	1.50866	1
391	-122.405321	1.478508	1
392	-122.385817	1.465161	1
393	-122.368965	1.46576	1
394	-122.364118	1.47695	1
395	-122.364011	1.472693	1
396	-122.332065	1.525023	1
397	-122.323067	1.455108	1
398	-122.309071	1.465586	1
399	-122.306564	1.428182	1
400	-122.295455	1.471933	1
401	-122.286779	1.460299	1
402	-122.280329	1.464723	1
403	-122.25889	1.488108	1
404	-122.238649	1.487449	1
405	-122.236407	1.469913	1
406	-122.23346	1.498709	1
407	-122.227933	1.455983	1
408	-122.215318	1.478502	1
409	-122.210909	1.464551	1
410	-122.204047	1.486045	1
411	-122.199889	1.484372	1
412	-122.183294	1.477482	1
413	-122.163527	1.462957	1
414	-122.157783	1.464173	1
415	-122.15492	1.475976	1
416	-122.152166	1.43494	1
417	-122.140078	1.495845	1
418	-122.138313	1.460791	1
419	-122.138105	1.415916	1
420	-122.133034	1.483605	1
421	-122.126538	1.462536	1
422	-122.122576	1.48155	1
423	-122.1152	1.461107	1
424	-122.11106	1.439478	1
425	-122.11074	1.470009	1
426	-122.058553	1.451243	1
427	-122.057935	1.47524	1
428	-122.057705	1.475584	1
429	-122.053099	1.486954	1
430	-122.04469	1.488037	1
431	-122.04108	1.488873	1
432	-122.036846	1.491307	1
433	-122.029895	1.452968	1
434	-122.026784	1.463778	1
435	-122.017417	1.496418	1
436	-122.016182	1.46611	1
437	-122.003792	1.479669	1
438	-121.996945	1.456314	1
439	-121.99155	1.514055	1
440	-121.983657	1.456992	1
441	-121.980918	1.473916	1
442	-121.98004	1.484426	1
443	-121.967463	1.469483	1
444	-121.960765	1.47036	1
445	-121.95664	1.472009	1
446	-121.93996	1.456899	1
447	-121.93335	1.467591	1
448	-121.928793	1.436426	1
449	-121.916602	1.450979	1
450	-121.911418	1.490847	1
451	-121.907065	1.469364	1
452	-121.896454	1.496194	1
453	-121.872752	1.446377	1
454	-121.868769	1.46751	1
455	-121.865782	1.467058	1
456	-121.86105	1.50192	1
457	-121.816468	1.448629	1
458	-121.81318	1.463506	1
459	-121.812395	1.426377	1
460	-121.80575	1.430787	1
461	-121.785436	1.452745	1
462	-121.780516	1.485361	1
463	-121.776379	1.469515	1
464	-121.767153	1.430599	1
465	-121.766631	1.46799	1
466	-121.763381	1.436448	1
467	-121.756597	1.468692	1
468	-121.750324	1.467327	1
469	-121.750204	1.451092	1
470	-121.729188	1.468419	1
471	-121.726708	1.460819	1
472	-121.701962	1.464737	1
473	-121.697855	1.4184	1
474	-121.694389	1.408354	1
475	-121.693341	1.484454	1
476	-121.682607	1.427916	1
477	-121.672786	1.445607	1
478	-121.666477	1.477648	1
479	-121.65972	1.473551	1
480	-121.659493	1.465079	1
481	-121.653808	1.463264	1
482	-121.633051	1.447502	1
483	-121.624883	1.475633	1
484	-121.616936	1.459984	1
485	-121.610146	1.435646	1
486	-121.606076	1.461066	1
487	-121.605821	1.461184	1
488	-121.605181	1.436151	1
489	-121.596017	1.431206	1
490	-121.590275	1.418692	1
491	-121.588889	1.483425	1
492	-121.570951	1.465354	1
493	-121.560331	1.443992	1
494	-121.55822	1.488268	1
495	-121.553506	1.483265	1
496	-121.550588	1.463222	1
497	-121.544907	1.432994	1
498	-121.533133	1.44598	1
499	-121.529369	1.422755	1
500	-121.528069	1.447436	1
501	-121.517659	1.484694	1
502	-121.498371	1.463667	1
503	-121.488895	1.417124	1
504	-121.488693	1.456779	1
505	-121.486937	1.46807	1
506	-121.483865	1.454106	1
507	-121.474628	1.478573	1
508	-121.468994	1.403336	1
509	-121.453566	1.478754	1
510	-121.44877	1.510016	1
511	-121.447691	1.45355	1
512	-121.446112	1.474687	1
513	-121.439779	1.424481	1
514	-121.435367	1.456821	1
515	-121.423439	1.460513	1
516	-121.423015	1.467659	1
517	-121.42121	1.44951	1
518	-121.414261	1.468576	1
519	-121.386338	1.467018	1
520	-121.385571	1.418906	1
521	-121.382097	1.452162	1
522	-121.381917	1.454989	1
523	-121.380503	1.461439	1
524	-121.365809	1.442597	1
525	-121.351308	1.468013	1
526	-121.351023	1.491866	1
527	-121.343419	1.440039	1
528	-121.341104	1.463806	1
529	-121.335936	1.436029	1
530	-121.322341	1.450504	1
531	-121.321795	1.449835	1
532	-121.30533	1.411721	1
533	-121.289464	1.47508	1
534	-121.271091	1.460708	1
535	-121.262667	1.460631	1
536	-121.262525	1.46063	1
537	-121.262514	1.46063	1
538	-121.26086	1.423181	1
539	-121.253027	1.426263	1
540	-121.252001	1.426251	1
541	-121.24874	1.489845	1
542	-121.245715	1.426237	1
543	-121.245706	1.426237	1
544	-121.243253	1.471874	1
545	-121.236196	1.476165	1
546	-121.232137	1.426175	1
547	-121.232122	1.426175	1
548	-121.232121	1.46049	1
549	-121.228751	1.465195	1
550	-121.224475	1.439173	1
551	-121.220386	1.438513	1
552	-121.211256	1.419959	1
553	-121.201868	1.483418	1
554	-121.201648	1.455723	1
555	-121.198833	1.445814	1
556	-121.192935	1.436967	1
557	-121.191508	1.48193	1
558	-121.183752	1.459216	1
559	-121.178226	1.444201	1
560	-121.175259	1.46793	1
561	-121.173386	1.499619	1
562	-121.166025	1.460414	1
563	-121.165478	1.459369	1
564	-121.16135	1.46554	1
565	-121.156125	1.439417	1
566	-121.146886	1.474211	1
567	-121.123294	1.440977	1
568	-121.120573	1.460075	1
569	-121.118196	1.400839	1
570	-121.115584	1.523854	1
571	-121.113163	1.474464	1
572	-121.106547	1.446416	1
573	-121.098786	1.451066	1
574	-121.067649	1.488553	1
575	-121.066719	1.436016	1
576	-121.057396	1.479903	1
577	-121.051202	1.398272	1
578	-121.040687	1.451106	1
579	-121.030748	1.426873	1
580	-121.028966	1.447832	1
581	-121.023966	1.461276	1
582	-121.021026	1.435077	1
583	-121.018745	1.434917	1
584	-121.01766	1.460446	1
585	-121.014188	1.473276	1
586	-121.01418	1.473276	1
587	-121.01418	1.473276	1
588	-121.014175	1.473276	1
589	-121.011799	1.430493	1
590	-121.009203	1.450982	1
591	-121.00342	1.473223	1
592	-121.003386	1.473223	1
593	-121.00338	1.473223	1
594	-121.003375	1.473223	1
595	-121.00335	1.459469	1
596	-120.97736	1.454715	1
597	-120.972027	1.441655	1
598	-120.970489	1.468716	1
599	-120.967182	1.46278	1
600	-120.966855	1.453607	1
601	-120.958948	1.417848	1
602	-120.945367	1.486003	1
603	-120.931049	1.471964	1
604	-120.919914	1.50962	1
605	-120.915922	1.458809	1
606	-120.902465	1.432405	1
607	-120.900719	1.475526	1
608	-120.899145	1.5149	1
609	-120.896983	1.427475	1
610	-120.881461	1.444906	1
611	-120.876107	1.454476	1
612	-120.856776	1.473834	1
613	-120.85641	1.440651	1
614	-120.856298	1.463985	1
615	-120.853674	1.451599	1
616	-120.850817	1.448115	1
617	-120.848663	1.456653	1
618	-120.84065	1.47232	1
619	-120.831743	1.47207	1
620	-120.81696	1.422261	1
621	-120.814988	1.447144	1
622	-120.812111	1.392702	1
623	-120.809247	1.467972	1
624	-120.788077	1.486516	1
625	-120.782298	1.456633	1
626	-120.782272	1.476354	1
627	-120.76559	1.458374	1
628	-120.761443	1.45828	1
629	-120.761153	1.497711	1
630	-120.743993	1.456209	1
631	-120.739666	1.456742	1
632	-120.720673	1.471576	1
633	-120.717326	1.429568	1
634	-120.713618	1.444259	1
635	-120.705413	1.416613	1
636	-120.705332	1.433651	1
637	-120.690294	1.434806	1
638	-120.679498	1.439775	1
639	-120.669838	1.454335	1
640	-120.664088	1.491828	1
641	-120.656119	1.418874	1
642	-120.655416	1.436932	1
643	-120.638941	1.450497	1
644	-120.617666	1.459505	1
645	-120.614638	1.464743	1
646	-120.61266	1.434654	1
647	-120.606467	1.448162	1
648	-120.599094	1.449809	1
649	-120.598447	1.436048	1
650	-120.597275	1.444716	1
651	-120.589052	1.432187	1
652	-120.58427	1.46076	1
653	-120.581798	1.421703	1
654	-120.579472	1.450351	1
655	-120.577381	1.397416	1
656	-120.57505	1.467353	1
657	-120.573551	1.460398	1
658	-120.558763	1.450992	1
659	-120.542487	1.489289	1
660	-120.533533	1.475477	1
661	-120.529503	1.462582	1
662	-120.519133	1.403191	1
663	-120.512847	1.391506	1
664	-120.507256	1.468757	1
665	-120.494471	1.442006	1
666	-120.489311	1.450265	1
667	-120.473244	1.469318	1
668	-120.466867	1.466533	1
669	-120.455691	1.468678	1
670	-120.455568	1.46848	1
671	-120.445698	1.453305	1
672	-120.440457	1.48909	1
673	-120.436258	1.491706	1
674	-120.40692	1.50988	1
675	-120.405799	1.41626	1
676	-120.404258	1.495149	1
677	-120.394586	1.426834	1
678	-120.392123	1.473027	1
679	-120.378923	1.473865	1
680	-120.361557	1.46139	1
681	-120.360224	1.465743	1
682	-120.3522	1.456606	1
683	-120.342782	1.40172	1
684	-120.340438	1.416957	1
685	-120.337117	1.439842	1
686	-120.319792	1.465197	1
687	-120.316162	1.415171	1
688	-120.31566	1.417498	1
689	-120.30976	1.453975	1
690	-120.297787	1.458062	1
691	-120.287306	1.440073	1
692	-120.279755	1.466538	1
693	-120.278942	1.472789	1
694	-120.278859	1.460013	1
695	-120.272467	1.481992	1
696	-120.257469	1.426051	1
697	-120.246629	1.481238	1
698	-120.244388	1.415545	1
699	-120.240105	1.485927	1
700	-120.213613	1.43661	1
701	-120.213603	1.470993	1
702	-120.206691	1.502798	1
703	-120.202484	1.490899	1
704	-120.202195	1.463308	1
705	-120.197299	1.439253	1
706	-120.193116	1.466152	1
707	-120.191828	1.437431	1
708	-120.182042	1.37005	1
709	-120.178148	1.434735	1
710	-120.161099	1.476317	1
711	-120.158838	1.404854	1
712	-120.157493	1.410287	1
713	-120.154505	1.453536	1
714	-120.153824	1.468567	1
715	-120.141657	1.482915	1
716	-120.140778	1.462334	1
717	-120.140625	1.458126	1
718	-120.134157	1.454156	1
719	-120.118344	1.401247	1
720	-120.114653	1.428774	1
721	-120.11422	1.432206	1
722	-120.11056	1.441777	1
723	-120.106023	1.449435	1
724	-120.105587	1.441891	1
725	-120.104925	1.430737	1
726	-120.098776	1.438002	1
727	-120.093092	1.467092	1
728	-120.090008	1.456432	1
729	-120.08711	1.42477	1
730	-120.082167	1.423903	1
731	-120.06955	1.473172	1
732	-120.054948	1.416432	1
733	-120.05452	1.511054	1
734	-120.051851	1.468221	1
735	-120.045784	1.473022	1
736	-120.04361	1.421313	1
737	-120.0433	1.467485	1
738	-120.036661	1.44079	1
739	-120.015603	1.414153	1
740	-120.010699	1.425723	1
741	-120.009118	1.45225	1
742	-119.998182	1.487611	1
743	-119.997906	1.488736	1
744	-119.996129	1.475812	1
745	-119.98691	1.419692	1
746	-119.986774	1.428769	1
747	-119.986682	1.439928	1
748	-119.983673	1.464887	1
749	-119.967882	1.445797	1
750	-119.967074	1.418334	1
751	-119.965003	1.486481	1
752	-119.951059	1.463254	1
753	-119.939802	1.402168	1
754	-119.938026	1.427859	1
755	-119.931725	1.475739	1
756	-119.923902	1.486602	1
757	-119.92368	1.444094	1
758	-119.914557	1.474146	1
759	-119.914324	1.402938	1
760	-119.913284	1.451788	1
761	-119.909554	1.483245	1
762	-119.907605	1.445881	1
763	-119.899624	1.495167	1
764	-119.892947	1.459297	1
765	-119.881096	1.397803	1
766	-119.873745	1.458893	1
767	-119.872948	1.523749	1
768	-119.872905	1.443109	1
769	-119.866377	1.452498	1
770	-119.865801	1.474748	1
771	-119.863722	1.463223	1
772	-119.857352	1.428358	1
773	-119.855722	1.464504	1
774	-119.852613	1.443764	1
775	-119.850417	1.436184	1
776	-119.849565	1.447122	1
777	-119.847561	1.47021	1
778	-119.835865	1.44951	1
779	-119.827796	1.472764	1
780	-119.822707	1.477134	1
781	-119.818624	1.480583	1
782	-119.809173	1.420697	1
783	-119.802455	1.447492	1
784	-119.788039	1.426606	1
785	-119.783838	1.438503	1
786	-119.772766	1.469735	1
787	-119.761847	1.433836	1
788	-119.748174	1.440106	1
789	-119.744506	1.423605	1
790	-119.743621	1.466675	1
791	-119.741731	1.472504	1
792	-119.732517	1.464668	1
793	-119.725747	1.452696	1
794	-119.725286	1.409446	1
795	-119.719072	1.454904	1
796	-119.715823	1.420006	1
797	-119.715798	1.470294	1
798	-119.702331	1.42658	1
799	-119.689153	1.398414	1
800	-119.687381	1.443901	1
801	-119.670853	1.404412	1
802	-119.665484	1.464202	1
803	-119.65974	1.445369	1
804	-119.64443	1.494062	1
805	-119.627154	1.490258	1
806	-119.624156	1.448142	1
807	-119.623609	1.436299	1
808	-119.621972	1.480735	1
809	-119.621884	1.461046	1
810	-119.616811	1.434019	1
811	-119.616049	1.4087	1
812	-119.612854	1.46921	1
813	-119.603968	1.425001	1
814	-119.599563	1.467138	1
815	-119.594624	1.394384	1
816	-119.586504	1.437016	1
817	-119.584894	1.434543	1
818	-119.577181	1.439133	1
819	-119.574743	1.444743	1
820	-119.568114	1.441042	1
821	-119.560194	1.488205	1
822	-119.559843	1.442757	1
823	-119.558779	1.445014	1
824	-119.557899	1.42492	1
825	-119.557072	1.412253	1
826	-119.553909	1.463178	1
827	-119.551776	1.425115	1
828	-119.543134	1.41915	1
829	-119.535489	1.462993	1
830	-119.532524	1.438083	1
831	-119.528524	1.469685	1
832	-119.526946	1.438063	1
833	-119.52037	1.433784	1
834	-119.518995	1.455968	1
835	-119.512181	1.449373	1
836	-119.512068	1.470894	1
837	-119.507959	1.414113	1
838	-119.503735	1.40264	1
839	-119.502114	1.424346	1
840	-119.500772	1.46318	1
841	-119.488201	1.456873	1
842	-119.484592	1.462964	1
843	-119.474765	1.435751	1
844	-119.469899	1.463388	1
845	-119.46828	1.439894	1
846	-119.466379	1.445171	1
847	-119.466188	1.427668	1
848	-119.464965	1.446884	1
849	-119.462329	1.45491	1
850	-119.461659	1.441024	1
851	-119.44701	1.51169	1
852	-119.446795	1.448397	1
853	-119.438271	1.434308	1
854	-119.434737	1.471923	1
855	-119.430059	1.436394	1
856	-119.425183	1.39317	1
857	-119.418408	1.456666	1
858	-119.418406	1.378878	1
859	-119.417879	1.456664	1
860	-119.417487	1.386706	1
861	-119.415803	1.475783	1
862	-119.413386	1.463551	1
863	-119.410444	1.451745	1
864	-119.406712	1.449802	1
865	-119.405675	1.455288	1
866	-119.403549	1.453168	1
867	-119.397035	1.429686	1
868	-119.396377	1.456238	1
869	-119.39468	1.451652	1
870	-119.393017	1.471422	1
871	-119.368732	1.452544	1
872	-119.361949	1.453864	1
873	-119.358105	1.433939	1
874	-119.349012	1.426944	1
875	-119.344491	1.447119	1
876	-119.34202	1.447774	1
877	-119.333981	1.444908	1
878	-119.328772	1.451043	1
879	-119.325211	1.446034	1
880	-119.322842	1.413224	1
881	-119.321313	1.446115	1
882	-119.321287	1.446114	1
883	-119.321257	1.404779	1
884	-119.320847	1.450453	1
885	-119.316651	1.390618	1
886	-119.316412	1.441039	1
887	-119.314033	1.470452	1
888	-119.312578	1.494093	1
889	-119.308266	1.497783	1
890	-119.306231	1.446013	1
891	-119.303054	1.4092	1
892	-119.301841	1.422491	1
893	-119.300265	1.50493	1
894	-119.295153	1.396589	1
895	-119.293245	1.468311	1
896	-119.282286	1.444202	1
897	-119.282161	1.483825	1
898	-119.281602	1.463724	1
899	-119.275558	1.464448	1
900	-119.271926	1.468766	1
901	-119.258184	1.457485	1
902	-119.25756	1.444066	1
903	-119.252667	1.434891	1
904	-119.244357	1.4477	1
905	-119.24083	1.444026	1
906	-119.236284	1.430975	1
907	-119.230052	1.459798	1
908	-119.215488	1.44682	1
909	-119.21459	1.509119	1
910	-119.211117	1.484433	1
911	-119.208197	1.38647	1
912	-119.191267	1.428883	1
913	-119.186544	1.449132	1
914	-119.185246	1.446503	1
915	-119.183931	1.451195	1
916	-119.183736	1.413723	1
917	-119.180666	1.418772	1
918	-119.171262	1.434859	1
919	-119.166163	1.437126	1
920	-119.165415	1.415402	1
921	-119.165046	1.43921	1
922	-119.156269	1.480335	1
923	-119.148984	1.496922	1
924	-119.1401	1.465025	1
925	-119.130357	1.488912	1
926	-119.126062	1.408177	1
927	-119.125503	1.427775	1
928	-119.118021	1.395542	1
929	-119.116129	1.42407	1
930	-119.115067	1.441686	1
931	-119.114734	1.413392	1
932	-119.110914	1.479251	1
933	-119.101661	1.461856	1
934	-119.101266	1.402284	1
935	-119.099529	1.419052	1
936	-119.095736	1.418005	1
937	-119.09245	1.419683	1
938	-119.085254	1.496472	1
939	-119.081129	1.444061	1
940	-119.077249	1.444848	1
941	-119.062158	1.446749	1
942	-119.061474	1.457585	1
943	-119.057377	1.472549	1
944	-119.056428	1.413345	1
945	-119.038516	1.382217	1
946	-119.035686	1.470298	1
947	-119.034088	1.437991	1
948	-119.031585	1.475901	1
949	-119.028845	1.444747	1
950	-119.02816	1.427234	1
951	-119.026363	1.45637	1
952	-119.025485	1.457379	1
953	-119.021024	1.428016	1
954	-119.015256	1.467472	1
955	-119.013972	1.407686	1
956	-119.012932	1.432656	1
957	-119.011889	1.459568	1
958	-119.006181	1.432907	1
959	-119.000141	1.437817	1
960	-118.997913	1.483077	1
961	-118.991202	1.460053	1
962	-118.984823	1.460539	1
963	-118.97152	1.465724	1
964	-118.971142	1.444297	1
965	-118.96916	1.417623	1
966	-118.946126	1.465575	1
967	-118.936489	1.467158	1
968	-118.93587	1.489279	1
969	-118.935606	1.414684	1
970	-118.934622	1.405427	1
971	-118.931087	1.452555	1
972	-118.930052	1.428751	1
973	-118.928067	1.464998	1
974	-118.921295	1.481992	1
975	-118.918725	1.463495	1
976	-118.916605	1.418362	1
977	-118.912975	1.478616	1
978	-118.911129	1.471235	1
979	-118.910843	1.487991	1
980	-118.908592	1.47181	1
981	-118.898877	1.435972	1
982	-118.897158	1.405454	1
983	-118.892781	1.448075	1
984	-118.892663	1.461529	1
985	-118.892162	1.434659	1
986	-118.890012	1.43092	1
987	-118.8732	1.46166	1
988	-118.871667	1.454103	1
989	-118.858421	1.443091	1
990	-118.858095	1.398021	1
991	-118.855818	1.41319	1
992	-118.852426	1.452912	1
993	-118.851795	1.484867	1
994	-118.836232	1.44334	1
995	-118.835237	1.454321	1
996	-118.829336	1.447112	1
997	-118.828738	1.466997	1
998	-118.823762	1.457767	1
999	-118.82283	1.477362	1
1000	-118.820303	1.441431	1
1001	-118.820098	1.444442	1
1002	-118.818639	1.456389	1
1003	-118.812367	1.452328	1
1004	-118.808061	1.447217	1
1005	-118.797389	1.421509	1
1006	-118.792256	1.461215	1
1007	-118.789748	1.45949	1
1008	-118.789271	1.434813	1
1009	-118.786212	1.457154	1
1010	-118.766075	1.400827	1
1011	-118.76595	1.44052	1
1012	-118.762537	1.455784	1
1013	-118.759679	1.391462	1
1014	-118.749409	1.448687	1
1015	-118.747477	1.444585	1
1016	-118.743641	1.408319	1
1017	-118.742801	1.474528	1
1018	-118.736656	1.444505	1
1019	-118.735055	1.448098	1
1020	-118.73126	1.423135	1
1021	-118.72835	1.458228	1
1022	-118.719383	1.414775	1
1023	-118.716516	1.455893	1
1024	-118.712278	1.456331	1
1025	-118.707919	1.450712	1
1026	-118.69822	1.439954	1
1027	-118.697284	1.413891	1
1028	-118.692962	1.434096	1
1029	-118.683517	1.398432	1
1030	-118.679894	1.434695	1
1031	-118.676764	1.419959	1
1032	-118.673559	1.476769	1
1033	-118.669279	1.408436	1
1034	-118.666182	1.452776	1
1035	-118.658248	1.46133	1
1036	-118.656953	1.466792	1
1037	-118.636961	1.409155	1
1038	-118.630723	1.449612	1
1039	-118.630574	1.397145	1
1040	-118.621343	1.419307	1
1041	-118.616838	1.369185	1
1042	-118.614678	1.437069	1
1043	-118.609145	1.447321	1
1044	-118.608265	1.42288	1
1045	-118.607428	1.460141	1
1046	-118.606139	1.411595	1
1047	-118.605097	1.447667	1
1048	-118.600816	1.466234	1
1049	-118.599508	1.436564	1
1050	-118.587136	1.450777	1
1051	-118.586875	1.413108	1
1052	-118.586521	1.451403	1
1053	-118.586303	1.414232	1
1054	-118.584825	1.42978	1
1055	-118.58092	1.463207	1
1056	-118.580875	1.399399	1
1057	-118.575536	1.423135	1
1058	-118.574677	1.416977	1
1059	-118.572198	1.422602	1
1060	-118.570965	1.49911	1
1061	-118.569553	1.397708	1
1062	-118.560904	1.389788	1
1063	-118.560516	1.439077	1
1064	-118.543772	1.468112	1
1065	-118.54197	1.445693	1
1066	-118.538878	1.440409	1
1067	-118.527922	1.404714	1
1068	-118.52664	1.491169	1
1069	-118.524701	1.468646	1
1070	-118.522498	1.441035	1
1071	-118.518953	1.456477	1
1072	-118.514196	1.412646	1
1073	-118.513793	1.472476	1
1074	-118.512988	1.380603	1
1075	-118.503819	1.430419	1
1076	-118.496606	1.447811	1
1077	-118.486355	1.454657	1
1078	-118.484449	1.438746	1
1079	-118.481881	1.433174	1
1080	-118.481623	1.437244	1
1081	-118.477428	1.482096	1
1082	-118.475455	1.429645	1
1083	-118.469776	1.436583	1
1084	-118.469092	1.42856	1
1085	-118.468774	1.480545	1
1086	-118.468386	1.452032	1
1087	-118.46709	1.428544	1
1088	-118.463846	1.428568	1
1089	-118.463842	1.428567	1
1090	-118.463839	1.428568	1
1091	-118.463837	1.428567	1
1092	-118.463836	1.428567	1
1093	-118.463835	1.428567	1
1094	-118.463834	1.428567	1
1095	-118.463833	1.428567	1
1096	-118.463831	1.428567	1
1097	-118.463831	1.428568	1
1098	-118.46383	1.428568	1
1099	-118.46383	1.428567	1
1100	-118.463826	1.428567	1
1101	-118.463818	1.428568	1
1102	-118.459034	1.428649	1
1103	-118.45903	1.42865	1
1104	-118.459017	1.42865	1
1105	-118.459006	1.42865	1
1106	-118.459005	1.42865	1
1107	-118.459002	1.42865	1
1108	-118.459002	1.42865	1
1109	-118.459001	1.42865	1
1110	-118.459	1.42865	1
1111	-118.458998	1.42865	1
1112	-118.458998	1.42865	1
1113	-118.458989	1.42865	1
1114	-118.447007	1.485675	1
1115	-118.446417	1.465454	1
1116	-118.434154	1.396566	1
1117	-118.430031	1.437623	1
1118	-118.428615	1.424549	1
1119	-118.411216	1.439182	1
1120	-118.409639	1.400738	1
1121	-118.406337	1.46125	1
1122	-118.403621	1.463336	1
1123	-118.401882	1.49729	1
1124	-118.401476	1.381698	1
1125	-118.399127	1.478948	1
1126	-118.393667	1.487596	1
1127	-118.392292	1.458872	1
1128	-118.38984	1.442104	1
1129	-118.388804	1.411985	1
1130	-118.373743	1.433228	1
1131	-118.372416	1.473921	1
1132	-118.370657	1.412022	1
1133	-118.369166	1.417609	1
1134	-118.36659	1.437129	1
1135	-118.36436	1.409227	1
1136	-118.354693	1.420361	1
1137	-118.354636	1.375013	1
1138	-118.352845	1.431366	1
1139	-118.342131	1.446288	1
1140	-118.340284	1.427736	1
1141	-118.33671	1.474908	1
1142	-118.336562	1.467729	1
1143	-118.334363	1.443372	1
1144	-118.331403	1.44475	1
1145	-118.323791	1.463453	1
1146	-118.323116	1.46527	1
1147	-118.312897	1.448706	1
1148	-118.310939	1.465698	1
1149	-118.310292	1.443285	1
1150	-118.309853	1.449796	1
1151	-118.304341	1.432946	1
1152	-118.302802	1.428385	1
1153	-118.300199	1.460344	1
1154	-118.297561	1.471939	1
1155	-118.297528	1.456593	1
1156	-118.296973	1.440438	1
1157	-118.289142	1.481127	1
1158	-118.285751	1.450117	1
1159	-118.27121	1.453516	1
1160	-118.26681	1.428152	1
1161	-118.260101	1.453989	1
1162	-118.25945	1.445743	1
1163	-118.254252	1.429863	1
1164	-118.249366	1.433177	1
1165	-118.239808	1.350342	1
1166	-118.239241	1.420001	1
1167	-118.239233	1.447837	1
1168	-118.235684	1.456786	1
1169	-118.23478	1.437542	1
1170	-118.232617	1.459503	1
1171	-118.232039	1.457359	1
1172	-118.222698	1.449245	1
1173	-118.220814	1.504924	1
1174	-118.220527	1.463261	1
1175	-118.218537	1.430126	1
1176	-118.216927	1.4749	1
1177	-118.216531	1.48643	1
1178	-118.211267	1.486574	1
1179	-118.208067	1.46966	1
1180	-118.207703	1.407337	1
1181	-118.196887	1.438725	1
1182	-118.193823	1.406656	1
1183	-118.190609	1.460646	1
1184	-118.187207	1.461103	1
1185	-118.184638	1.513712	1
1186	-118.183526	1.463435	1
1187	-118.183125	1.461255	1
1188	-118.180946	1.448523	1
1189	-118.179828	1.476498	1
1190	-118.179408	1.448211	1
1191	-118.168973	1.454518	1
1192	-118.16686	1.414437	1
1193	-118.165348	1.451912	1
1194	-118.163562	1.453344	1
