0	-144.775135	1.444677	1
1	-144.029754	1.453314	1
2	-143.261091	1.433256	1
3	-142.421289	1.443898	1
4	-142.248502	1.425643	1
5	-142.224518	1.438532	1
6	-141.934294	1.447941	1
7	-141.132007	1.413011	1
8	-140.394412	1.436174	1
9	-140.027037	1.404433	1
10	-139.972638	1.418821	1
11	-139.893649	1.414814	1
12	-139.717744	1.435812	1
13	-139.717575	1.435813	1
14	-139.706614	1.426564	1
15	-139.643265	1.415759	1
16	-139.642906	1.415758	1
17	-139.417831	1.415254	1
18	-139.394256	1.422286	1
19	-139.329356	1.404364	1
20	-139.246982	1.400072	1
21	-139.192274	1.429023	1
22	-139.152843	1.424613	1
23	-139.139162	1.421968	1
24	-139.131047	1.425366	1
25	-139.079025	1.420186	1
26	-139.050354	1.419444	1
27	-139.040636	1.413409	1
28	-138.989749	1.418491	1
29	-138.956145	1.43647	1
30	-138.824822	1.438861	1
31	-138.66135	1.419574	1
32	-138.582414	1.430041	1
33	-138.45854	1.411328	1
34	-138.174653	1.397239	1
35	-138.081341	1.424356	1
36	-138.057225	1.418002	1
37	-138.042822	1.419813	1
38	-137.942202	1.422854	1
39	-137.865054	1.412014	1
40	-137.845299	1.411817	1
41	-137.53349	1.420753	1
42	-137.461495	1.411341	1
43	-137.402577	1.430422	1
44	-137.400676	1.424703	1
45	-137.37425	1.42193	1
46	-137.304874	1.403484	1
47	-137.258651	1.392522	1
48	-137.080777	1.406548	1
49	-137.078516	1.408469	1
50	-137.067477	1.415621	1
51	-136.976575	1.399736	1
52	-136.952218	1.395492	1
53	-136.87677	1.415464	1
54	-136.868188	1.40594	1
55	-136.796399	1.410537	1
56	-136.728369	1.426696	1
57	-136.489372	1.403325	1
58	-136.415422	1.384473	1
59	-136.389055	1.398788	1
60	-136.385101	1.441304	1
61	-136.377267	1.40612	1
62	-136.30518	1.425935	1
63	-136.233762	1.389763	1
64	-136.084613	1.412749	1
65	-136.064068	1.383881	1
66	-135.993014	1.43427	1
67	-135.982026	1.377128	1
68	-135.960986	1.395925	1
69	-135.881482	1.374644	1
70	-135.869228	1.403936	1
71	-135.796015	1.430824	1
72	-135.588612	1.398633	1
73	-135.578443	1.398297	1
74	-135.498911	1.408549	1
75	-135.459442	1.407786	1
76	-135.43105	1.413189	1
77	-135.365595	1.40334	1
78	-135.279703	1.419741	1
79	-135.244429	1.399872	1
80	-135.241063	1.403637	1
81	-135.219842	1.425748	1
82	-135.149674	1.393624	1
83	-135.131133	1.411575	1
84	-135.127092	1.364427	1
85	-135.063389	1.408587	1
86	-135.006296	1.401982	1
87	-134.954591	1.409527	1
88	-134.886784	1.400846	1
89	-134.83736	1.365528	1
90	-134.812218	1.393265	1
91	-134.791308	1.417145	1
92	-134.612235	1.401608	1
93	-134.593627	1.411496	1
94	-134.537293	1.389261	1
95	-134.532001	1.411658	1
96	-134.524968	1.393834	1
97	-134.524661	1.410482	1
98	-134.450166	1.396381	1
99	-134.446283	1.450284	1
100	-134.345165	1.35844	1
101	-134.321203	1.384233	1
102	-134.314409	1.395854	1
103	-134.31417	1.395854	1
104	-134.229504	1.391237	1
105	-134.214198	1.39496	1
106	-134.067901	1.39695	1
107	-134.036449	1.382867	1
108	-134.032271	1.424062	1
109	-134.011943	1.337433	1
110	-133.887091	1.397211	1
111	-133.884182	1.372274	1
112	-133.846066	1.39653	1
113	-133.832211	1.414353	1
114	-133.815511	1.40266	1
115	-133.784488	1.388522	1
116	-133.768888	1.452715	1
117	-133.767297	1.374023	1
118	-133.742967	1.388673	1
119	-133.741581	1.353607	1
120	-133.732644	1.421812	1
121	-133.687551	1.382929	1
122	-133.672027	1.38911	1
123	-133.619223	1.362242	1
124	-133.61212	1.382635	1
125	-133.577483	1.369382	1
126	-133.540355	1.398926	1
127	-133.473435	1.394808	1
128	-133.434841	1.40171	1
129	-133.426447	1.370284	1
130	-133.404439	1.405926	1
131	-133.395342	1.409472	1
132	-133.361376	1.393161	1
133	-133.310183	1.336143	1
134	-133.287668	1.378511	1
135	-133.287156	1.400807	1
136	-133.276342	1.381408	1
137	-133.210379	1.3974	1
138	-133.168731	1.384924	1
139	-133.146415	1.385619	1
140	-133.027538	1.381761	1
141	-133.019758	1.432572	1
142	-132.990849	1.362126	1
143	-132.954873	1.399397	1
144	-132.942709	1.39391	1
145	-132.921491	1.388429	1
146	-132.918129	1.404271	1
147	-132.879334	1.405321	1
148	-132.873861	1.352344	1
149	-132.848019	1.414453	1
150	-132.844078	1.39289	1
151	-132.831876	1.388774	1
152	-132.759783	1.407901	1
153	-132.758906	1.392789	1
154	-132.754937	1.367712	1
155	-132.698719	1.389877	1
156	-132.696739	1.396311	1
157	-132.634408	1.381632	1
158	-132.619295	1.347318	1
159	-132.610765	1.411333	1
160	-132.57943	1.375564	1
161	-132.545678	1.369405	1
162	-132.520396	1.415196	1
163	-132.493253	1.385918	1
164	-132.453985	1.422785	1
165	-132.450592	1.379695	1
166	-132.372091	1.412922	1
167	-132.371021	1.39739	1
168	-132.354159	1.37934	1
169	-132.331659	1.390917	1
170	-132.32607	1.430675	1
171	-132.321161	1.350556	1
172	-132.314712	1.387043	1
173	-132.276234	1.413744	1
174	-132.27379	1.392742	1
175	-132.18818	1.416092	1
176	-132.136817	1.392868	1
177	-132.060863	1.422653	1
178	-132.055238	1.412441	1
179	-132.043925	1.390872	1
180	-132.042805	1.359206	1
181	-132.02279	1.350224	1
182	-131.993898	1.368191	1
183	-131.982829	1.358827	1
184	-131.915971	1.371998	1
185	-131.903785	1.373363	1
186	-131.901339	1.387412	1
187	-131.85405	1.373615	1
188	-131.853248	1.445886	1
189	-131.814505	1.368626	1
190	-131.807863	1.356313	1
191	-131.805841	1.373105	1
192	-131.802071	1.431934	1
193	-131.788482	1.36754	1
194	-131.709872	1.395553	1
195	-131.682797	1.345177	1
196	-131.655882	1.373579	1
197	-131.647259	1.383934	1
198	-131.635405	1.418581	1
199	-131.633732	1.406528	1
200	-131.60449	1.391933	1
201	-131.602103	1.39455	1
202	-131.589575	1.36747	1
203	-131.583278	1.373967	1
204	-131.554589	1.388345	1
205	-131.552723	1.401134	1
206	-131.537371	1.404243	1
207	-131.51396	1.369863	1
208	-131.509275	1.39158	1
209	-131.484182	1.39213	1
210	-131.45991	1.269405	1
211	-131.459405	1.366066	1
212	-131.431721	1.362156	1
213	-131.389161	1.378353	1
214	-131.385943	1.431107	1
215	-131.385907	1.43111	1
216	-131.216357	1.382421	1
217	-131.213706	1.396691	1
218	-131.210293	1.385821	1
219	-131.18984	1.382211	1
220	-131.185661	1.390996	1
221	-131.14908	1.403048	1
222	-131.148569	1.434094	1
223	-131.142419	1.36534	1
224	-131.14027	1.384244	1
225	-131.128878	1.287775	1
226	-131.036911	1.324301	1
227	-130.964201	1.370205	1
228	-130.927033	1.38465	1
229	-130.916759	1.38591	1
230	-130.84526	1.367319	1
231	-130.824039	1.363305	1
232	-130.767175	1.388083	1
233	-130.748812	1.360167	1
234	-130.712735	1.442096	1
235	-130.707107	1.413423	1
236	-130.691579	1.369131	1
237	-130.68875	1.373394	1
238	-130.678745	1.389036	1
239	-130.660616	1.343543	1
240	-130.639452	1.374845	1
241	-130.63339	1.37377	1
242	-130.629803	1.398115	1
243	-130.614661	1.33786	1
244	-130.60909	1.347015	1
245	-130.600389	1.388058	1
246	-130.575789	1.403588	1
247	-130.559232	1.340201	1
248	-130.505997	1.393427	1
249	-130.501365	1.363004	1
250	-130.496277	1.372906	1
251	-130.495446	1.385313	1
252	-130.471255	1.344657	1
253	-130.465232	1.382187	1
254	-130.449975	1.330758	1
255	-130.438881	1.39036	1
256	-130.430005	1.405549	1
257	-130.423805	1.378866	1
258	-130.422878	1.391192	1
259	-130.27375	1.42124	1
260	-130.263953	1.356887	1
261	-130.257248	1.382097	1
262	-130.24284	1.416328	1
263	-130.159145	1.39672	1
264	-130.145049	1.387751	1
265	-130.14335	1.335546	1
266	-130.117643	1.338362	1
267	-130.070882	1.275378	1
268	-130.045649	1.390053	1
269	-130.026663	1.349093	1
270	-129.974435	1.388995	1
271	-129.965328	1.382425	1
272	-129.954276	1.400762	1
273	-129.951783	1.302022	1
274	-129.945445	1.327868	1
275	-129.944354	1.382923	1
276	-129.936678	1.347854	1
277	-129.919455	1.378085	1
278	-129.918835	1.33317	1
279	-129.911257	1.347607	1
280	-129.909598	1.351653	1
281	-129.883895	1.386259	1
282	-129.872198	1.409959	1
283	-129.870855	1.434069	1
284	-129.86899	1.368253	1
285	-129.856764	1.354403	1
286	-129.840196	1.374642	1
287	-129.78552	1.385777	1
288	-129.781577	1.328642	1
289	-129.777817	1.267501	1
290	-144.7749485	1.444676	2
291	-144.0296855	1.453314	2
292	-143.2607565	1.433256	2
293	-143.0715305	1.428604	2
294	-142.9203745	1.440756	2
295	-142.4212435	1.443898	2
296	-142.3033955	1.437699	2
297	-142.231011	1.429356	2
298	-141.9342855	1.447941	2
299	-141.8581725	1.426123	2
300	-141.8262115	1.433419	2
301	-141.710446	1.433163	2
302	-141.60266	1.418968	2
303	-141.4355225	1.440123	2
304	-141.360523	1.428537	2
305	-141.330829	1.419352	2
306	-141.131995	1.413011	2
307	-140.8875975	1.434105	2
308	-140.7648675	1.431602	2
309	-140.6290215	1.427832	2
310	-140.315795	1.43442	2
311	-140.1907365	1.41824	2
312	-140.0806665	1.416044	2
313	-140.0758475	1.427466	2
314	-140.037538	1.414578	2
315	-140.02726	1.404435	2
316	-139.976401	1.432649	2
317	-139.972748	1.41882	2
318	-139.8476835	1.431185	2
319	-139.706609	1.426563	2
320	-139.683349	1.419333	2
321	-139.6433105	1.415764	2
322	-139.643133	1.415759	2
323	-139.6431295	1.415758	2
324	-139.5831825	1.405819	2
325	-139.475648	1.413192	2
326	-139.441556	1.405986	2
327	-139.4138985	1.429395	2
328	-139.3940085	1.422285	2
329	-139.218934	1.430259	2
330	-139.192133	1.429024	2
331	-139.187008	1.422502	2
332	-139.1528385	1.424614	2
333	-139.138968	1.421967	2
334	-139.1303225	1.425363	2
335	-139.090182	1.423616	2
336	-139.078766	1.420187	2
337	-139.0565735	1.416843	2
338	-139.0504325	1.419443	2
339	-139.040555	1.413408	2
340	-138.9557465	1.436471	2
341	-138.877201	1.404455	2
342	-138.8248045	1.438861	2
343	-138.78158	1.409194	2
344	-138.778598	1.425139	2
345	-138.764606	1.411325	2
346	-138.7501995	1.428747	2
347	-138.745238	1.423669	2
348	-138.6589435	1.419848	2
349	-138.5824525	1.430041	2
350	-138.57416	1.416748	2
351	-138.5334035	1.410114	2
352	-138.458555	1.411324	2
353	-138.4289575	1.421815	2
354	-138.3958175	1.398011	2
355	-138.3630155	1.399806	2
356	-138.3358475	1.417419	2
357	-138.2821615	1.400891	2
358	-138.2669485	1.412055	2
359	-138.227663	1.429705	2
360	-138.224416	1.436064	2
361	-138.210563	1.373377	2
362	-138.2068615	1.41751	2
363	-138.202664	1.412758	2
364	-138.1970985	1.396854	2
365	-138.186689	1.402183	2
366	-138.1649975	1.406592	2
367	-138.081902	1.424361	2
368	-138.061069	1.417081	2
369	-138.0570605	1.418002	2
370	-138.049546	1.416103	2
371	-138.0261	1.404945	2
372	-137.9985795	1.400861	2
373	-137.992898	1.397939	2
374	-137.975131	1.40326	2
375	-137.9420345	1.422854	2
376	-137.9307165	1.411752	2
377	-137.9065635	1.406722	2
378	-137.905809	1.415417	2
379	-137.8647745	1.412083	2
380	-137.8602225	1.431897	2
381	-137.858224	1.418419	2
382	-137.849468	1.414982	2
383	-137.8452805	1.411818	2
384	-137.8438155	1.397489	2
385	-137.7998395	1.415865	2
386	-137.765717	1.42699	2
387	-137.7442335	1.411006	2
388	-137.689547	1.417399	2
389	-137.688824	1.429886	2
390	-137.6426845	1.417618	2
391	-137.640632	1.411825	2
392	-137.616362	1.397144	2
393	-137.5925305	1.408246	2
394	-137.553435	1.419665	2
395	-137.530605	1.404384	2
396	-137.5271155	1.405976	2
397	-137.461553	1.411342	2
398	-137.449883	1.403921	2
399	-137.4342115	1.404167	2
400	-137.427706	1.379751	2
401	-137.4247205	1.406818	2
402	-137.402555	1.430422	2
403	-137.399817	1.424702	2
404	-137.3884	1.403758	2
405	-137.3741805	1.421929	2
406	-137.260391	1.400795	2
407	-137.2586365	1.39252	2
408	-137.2279315	1.421066	2
409	-137.1479155	1.391795	2
410	-137.125858	1.406401	2
411	-137.1087185	1.428897	2
412	-137.0905605	1.40744	2
413	-137.0868155	1.407382	2
414	-137.0807655	1.406548	2
415	-137.069749	1.404198	2
416	-137.067464	1.415621	2
417	-137.064232	1.448772	2
418	-137.015831	1.387884	2
419	-137.008054	1.408133	2
420	-136.97695	1.399738	2
421	-136.959649	1.377648	2
422	-136.952389	1.395492	2
423	-136.911227	1.402174	2
424	-136.8979035	1.393304	2
425	-136.877033	1.415464	2
426	-136.868162	1.405939	2
427	-136.8592155	1.408775	2
428	-136.8420305	1.395513	2
429	-136.828481	1.425147	2
430	-136.823853	1.409011	2
431	-136.8049655	1.403506	2
432	-136.7963465	1.410537	2
433	-136.794154	1.396443	2
434	-136.7924425	1.413494	2
435	-136.7864185	1.402071	2
436	-136.7733845	1.38505	2
437	-136.744159	1.412527	2
438	-136.740257	1.388614	2
439	-136.7316225	1.407438	2
440	-136.7313895	1.410662	2
441	-136.7283775	1.426697	2
442	-136.674608	1.431598	2
443	-136.652795	1.405557	2
444	-136.6525345	1.397971	2
445	-136.6448385	1.397518	2
446	-136.6361225	1.411287	2
447	-136.619823	1.402253	2
448	-136.617953	1.399487	2
449	-136.60783	1.408808	2
450	-136.603141	1.395438	2
451	-136.5804195	1.405899	2
452	-136.574085	1.380806	2
453	-136.5711395	1.405377	2
454	-136.557975	1.388778	2
455	-136.5538675	1.394915	2
456	-136.5149975	1.382736	2
457	-136.4893515	1.403325	2
458	-136.486321	1.396255	2
459	-136.4591105	1.406887	2
460	-136.440857	1.414049	2
461	-136.436993	1.40861	2
462	-136.4280545	1.394473	2
463	-136.417688	1.386864	2
464	-136.415361	1.384472	2
465	-136.3886735	1.412625	2
466	-136.361656	1.435899	2
467	-136.324457	1.409054	2
468	-136.306782	1.412011	2
469	-136.305766	1.388351	2
470	-136.1641885	1.362173	2
471	-136.131133	1.389631	2
472	-136.1146035	1.421951	2
473	-136.109345	1.398508	2
474	-136.099711	1.407025	2
475	-136.0845995	1.412749	2
476	-136.065381	1.405931	2
477	-136.0640185	1.383881	2
478	-135.993271	1.434274	2
479	-135.9855515	1.402056	2
480	-135.981179	1.377124	2
481	-135.9785925	1.395476	2
482	-135.9608535	1.395923	2
483	-135.9576135	1.422324	2
484	-135.934574	1.395125	2
485	-135.9321915	1.414463	2
486	-135.926595	1.386263	2
487	-135.906218	1.399648	2
488	-135.904793	1.386052	2
489	-135.898075	1.393647	2
490	-135.897625	1.403522	2
491	-135.8795265	1.374306	2
492	-135.87172	1.405341	2
493	-135.8697235	1.389515	2
494	-135.8685275	1.391002	2
495	-135.796117	1.430824	2
496	-135.7752705	1.42531	2
497	-135.766704	1.425055	2
498	-135.75746	1.386021	2
499	-135.7571025	1.437191	2
500	-135.7385405	1.380668	2
501	-135.7377615	1.367917	2
502	-135.73528	1.389595	2
503	-135.7247495	1.343971	2
504	-135.7232545	1.404738	2
505	-135.6814375	1.411327	2
506	-135.674051	1.383023	2
507	-135.651839	1.412283	2
508	-135.640571	1.403349	2
509	-135.6231125	1.391383	2
510	-135.577804	1.398292	2
511	-135.5668795	1.391726	2
512	-135.5419905	1.367721	2
513	-135.516195	1.380599	2
514	-135.499108	1.408549	2
515	-135.4785135	1.399105	2
516	-135.4593385	1.407784	2
517	-135.4566615	1.415047	2
518	-135.454773	1.386427	2
519	-135.4426465	1.383202	2
520	-135.439117	1.41166	2
521	-135.4246475	1.391406	2
522	-135.407328	1.425468	2
523	-135.3817615	1.38291	2
524	-135.3771105	1.399761	2
525	-135.374719	1.413448	2
526	-135.3375355	1.395912	2
527	-135.3106005	1.399463	2
528	-135.277458	1.395697	2
529	-135.26756	1.408778	2
530	-135.2569075	1.368497	2
531	-135.244794	1.399875	2
532	-135.2411065	1.403638	2
533	-135.2381975	1.406644	2
534	-135.234665	1.405317	2
535	-135.219861	1.425747	2
536	-135.2168055	1.369168	2
537	-135.175658	1.38967	2
538	-135.164634	1.43574	2
539	-135.162641	1.378437	2
540	-135.137882	1.402609	2
541	-135.1048985	1.393417	2
542	-135.07037	1.413633	2
543	-135.068645	1.41221	2
544	-135.0631865	1.408585	2
545	-135.033453	1.407607	2
546	-135.006649	1.400696	2
547	-135.006296	1.401984	2
548	-134.999923	1.42155	2
549	-134.9840445	1.409601	2
550	-134.9837855	1.420975	2
551	-134.9547425	1.409529	2
552	-134.9439055	1.393138	2
553	-134.9376545	1.382259	2
554	-134.9232585	1.385435	2
555	-134.8866115	1.400837	2
556	-134.8756635	1.395272	2
557	-134.845486	1.404841	2
558	-134.8372915	1.365525	2
559	-134.822871	1.392382	2
560	-134.8122295	1.393265	2
561	-134.804206	1.388675	2
562	-134.799273	1.398326	2
563	-134.7927565	1.424837	2
564	-134.7874055	1.414517	2
565	-134.7769885	1.382769	2
566	-134.7765405	1.377417	2
567	-134.771737	1.391448	2
568	-134.7558605	1.390606	2
569	-134.744891	1.396026	2
570	-134.729866	1.444384	2
571	-134.7286285	1.40466	2
572	-134.724655	1.360017	2
573	-134.7009455	1.399009	2
574	-134.692246	1.412204	2
575	-134.681085	1.399659	2
576	-134.681034	1.373512	2
577	-134.6730565	1.394892	2
578	-134.657965	1.367647	2
579	-134.6363275	1.38318	2
580	-134.6232445	1.417975	2
581	-134.618658	1.39995	2
582	-134.6121775	1.401609	2
583	-134.601546	1.408928	2
584	-134.5953475	1.400068	2
585	-134.5937	1.411496	2
586	-134.5854305	1.404241	2
587	-134.5665335	1.406563	2
588	-134.563005	1.398727	2
589	-134.546459	1.387135	2
590	-134.5438155	1.427713	2
591	-134.53907	1.410779	2
592	-134.537043	1.389259	2
593	-134.536849	1.362495	2
594	-134.5367795	1.396309	2
595	-134.5313245	1.411654	2
596	-134.5275135	1.375675	2
597	-134.524615	1.410482	2
598	-134.512848	1.450443	2
599	-134.510502	1.426655	2
600	-134.500505	1.368135	2
601	-134.487846	1.395919	2
602	-134.4500005	1.396381	2
603	-134.4139205	1.39517	2
604	-134.3937045	1.38145	2
605	-134.3796965	1.412095	2
606	-134.3451955	1.35844	2
607	-134.321009	1.384233	2
608	-134.314401	1.395854	2
609	-134.314398	1.395854	2
610	-134.3143685	1.395853	2
611	-134.258068	1.387233	2
612	-134.2295975	1.391237	2
613	-134.223582	1.412007	2
614	-134.2143825	1.394961	2
615	-134.1733445	1.394328	2
616	-134.1714155	1.407175	2
617	-134.168496	1.373468	2
618	-134.156303	1.395227	2
619	-134.103678	1.42183	2
620	-134.0677585	1.39695	2
621	-134.0509345	1.361307	2
622	-134.0505625	1.399131	2
623	-134.0385815	1.402183	2
624	-134.037709	1.396785	2
625	-134.036228	1.382869	2
626	-134.0302795	1.380523	2
627	-134.012138	1.337436	2
628	-133.994622	1.420958	2
629	-133.975231	1.353257	2
630	-133.960689	1.390861	2
631	-133.937666	1.405416	2
632	-133.921883	1.396237	2
633	-133.902087	1.410161	2
634	-133.8919035	1.396586	2
635	-133.8870905	1.397211	2
636	-133.885447	1.417327	2
637	-133.88452	1.372275	2
638	-133.8755115	1.375947	2
639	-133.861711	1.405575	2
640	-133.8321765	1.414353	2
641	-133.8154595	1.40266	2
642	-133.814562	1.356818	2
643	-133.784497	1.391312	2
644	-133.784384	1.388522	2
645	-133.7767675	1.406161	2
646	-133.7758905	1.333838	2
647	-133.7693675	1.452718	2
648	-133.7688055	1.395005	2
649	-133.767815	1.374022	2
650	-133.7635325	1.413357	2
651	-133.710255	1.40039	2
652	-133.7102	1.371081	2
653	-133.7000355	1.399729	2
654	-133.69696	1.374092	2
655	-133.6927195	1.430847	2
656	-133.687936	1.40682	2
657	-133.6647425	1.406036	2
658	-133.664002	1.3533	2
659	-133.6587785	1.411559	2
660	-133.6563125	1.428691	2
661	-133.6228405	1.397961	2
662	-133.5990185	1.388594	2
663	-133.585024	1.39235	2
664	-133.577395	1.36938	2
665	-133.563418	1.400746	2
666	-133.541083	1.398929	2
667	-133.5383115	1.410367	2
668	-133.524787	1.363662	2
669	-133.5196325	1.359576	2
670	-133.516752	1.38147	2
671	-133.5136155	1.393497	2
672	-133.487865	1.419014	2
673	-133.4732925	1.394808	2
674	-133.466364	1.404948	2
675	-133.4398585	1.384214	2
676	-133.4364555	1.40458	2
677	-133.4347335	1.40171	2
678	-133.425995	1.370279	2
679	-133.420667	1.396975	2
680	-133.3828865	1.340681	2
681	-133.3814895	1.381018	2
682	-133.3781535	1.403518	2
683	-133.3754095	1.381572	2
684	-133.364695	1.396864	2
685	-133.3615555	1.404885	2
686	-133.361132	1.393159	2
687	-133.3539435	1.387456	2
688	-133.3535425	1.406767	2
689	-133.3518985	1.394164	2
690	-133.343149	1.411616	2
691	-133.3427935	1.37509	2
692	-133.320968	1.406634	2
693	-133.318383	1.396898	2
694	-133.2923035	1.368879	2
695	-133.2873265	1.400807	2
696	-133.2829775	1.378472	2
697	-133.276876	1.381411	2
698	-133.260777	1.383936	2
699	-133.2370725	1.405289	2
700	-133.2358005	1.420521	2
701	-133.221194	1.408081	2
702	-133.196592	1.376997	2
703	-133.195748	1.3648	2
704	-133.1912825	1.385152	2
705	-133.184284	1.389703	2
706	-133.1824045	1.383753	2
707	-133.1784335	1.436022	2
708	-133.1687	1.384924	2
709	-133.161891	1.400829	2
710	-133.146408	1.385619	2
711	-133.1419175	1.433055	2
712	-133.1345695	1.404398	2
713	-133.1282015	1.386119	2
714	-133.1273335	1.380153	2
715	-133.1265145	1.395583	2
716	-133.126512	1.395583	2
717	-133.126509	1.395583	2
718	-133.125503	1.395577	2
719	-133.125474	1.395577	2
720	-133.125468	1.395577	2
721	-133.125346	1.395579	2
722	-133.0955305	1.400038	2
723	-133.093316	1.432941	2
724	-133.0900525	1.439606	2
725	-133.067929	1.340943	2
726	-133.061469	1.397372	2
727	-133.039979	1.397117	2
728	-133.033392	1.312764	2
729	-133.0330255	1.382104	2
730	-133.0303785	1.378776	2
731	-133.029318	1.391631	2
732	-133.0268485	1.381756	2
733	-133.0118535	1.387909	2
734	-132.9951465	1.388132	2
735	-132.9946775	1.392512	2
736	-132.986227	1.392978	2
737	-132.96701	1.410831	2
738	-132.9496485	1.386077	2
739	-132.945795	1.381303	2
740	-132.942576	1.393911	2
741	-132.9422705	1.378499	2
742	-132.929535	1.382897	2
743	-132.9290925	1.352424	2
744	-132.9274835	1.393647	2
745	-132.9263015	1.393823	2
746	-132.9216335	1.388433	2
747	-132.9214395	1.38843	2
748	-132.9184	1.404272	2
749	-132.8879955	1.405637	2
750	-132.8794355	1.405322	2
751	-132.879222	1.405318	2
752	-132.879212	1.40532	2
753	-132.879211	1.40532	2
754	-132.8791265	1.405318	2
755	-132.8446065	1.400153	2
756	-132.844389	1.39289	2
757	-132.841694	1.380903	2
758	-132.8371465	1.385417	2
759	-132.8319565	1.388775	2
760	-132.8182805	1.391382	2
761	-132.8066625	1.392568	2
762	-132.795902	1.400492	2
763	-132.7903255	1.400603	2
764	-132.780095	1.343311	2
765	-132.7694705	1.414768	2
766	-132.7688455	1.398331	2
767	-132.766656	1.462961	2
768	-132.763823	1.414349	2
769	-132.759374	1.407897	2
770	-132.7584965	1.39279	2
771	-132.755055	1.382218	2
772	-132.7524915	1.427916	2
773	-132.727878	1.372146	2
774	-132.7121105	1.391875	2
775	-132.7074895	1.386874	2
776	-132.707171	1.338847	2
777	-132.6986395	1.389877	2
778	-132.673572	1.3627	2
779	-132.6640165	1.362044	2
780	-132.6611805	1.409055	2
781	-132.654511	1.421574	2
782	-132.6528725	1.430323	2
783	-132.6314235	1.38032	2
784	-132.6296355	1.39091	2
785	-132.62836	1.356109	2
786	-132.621066	1.37972	2
787	-132.620871	1.387832	2
788	-132.620703	1.363959	2
789	-132.6193055	1.347319	2
790	-132.615793	1.3938	2
791	-132.607883	1.390892	2
792	-132.5612345	1.396852	2
793	-132.554813	1.391904	2
794	-132.539764	1.41104	2
795	-132.517021	1.435728	2
796	-132.482134	1.424754	2
797	-132.4756085	1.375623	2
798	-132.4638915	1.346031	2
799	-132.4604685	1.372914	2
800	-132.4536105	1.422782	2
801	-132.4529745	1.385613	2
802	-132.4505745	1.379695	2
803	-132.449855	1.399289	2
804	-132.4443145	1.36725	2
805	-132.4057575	1.387879	2
806	-132.3992645	1.388212	2
807	-132.3969825	1.398047	2
808	-132.385658	1.365591	2
809	-132.385217	1.388212	2
810	-132.3701355	1.367985	2
811	-132.3543295	1.37934	2
812	-132.344227	1.354055	2
813	-132.3314325	1.390917	2
814	-132.321526	1.350555	2
815	-132.318644	1.390244	2
816	-132.3167775	1.374964	2
817	-132.292802	1.42736	2
818	-132.2914565	1.357519	2
819	-132.290785	1.430752	2
820	-132.275962	1.413744	2
821	-132.27404	1.392742	2
822	-132.2646045	1.381655	2
823	-132.250492	1.426612	2
824	-132.2219165	1.432475	2
825	-132.1970675	1.380134	2
826	-132.195829	1.365315	2
827	-132.18713	1.416089	2
828	-132.1866515	1.398232	2
829	-132.1768555	1.38559	2
830	-132.1530685	1.386537	2
831	-132.14921	1.380138	2
832	-132.1228505	1.351649	2
833	-132.119165	1.422451	2
834	-132.103005	1.3601	2
835	-132.0632695	1.381533	2
836	-132.0432605	1.359207	2
837	-132.0326985	1.404363	2
838	-132.0293535	1.365398	2
839	-132.0184125	1.427261	2
840	-132.010641	1.413491	2
841	-132.0069945	1.351085	2
842	-131.989803	1.358694	2
843	-131.9857165	1.335195	2
844	-131.9854785	1.335194	2
845	-131.982312	1.358826	2
846	-131.979614	1.425819	2
847	-131.97477	1.372395	2
848	-131.9624685	1.289909	2
849	-131.9597335	1.437429	2
850	-131.953352	1.278956	2
851	-131.942864	1.375233	2
852	-131.9390595	1.399221	2
853	-131.938906	1.367641	2
854	-131.9237825	1.377871	2
855	-131.91912	1.387574	2
856	-131.9166185	1.368378	2
857	-131.9135145	1.398049	2
858	-131.912457	1.427019	2
859	-131.9088585	1.365755	2
860	-131.9035335	1.373365	2
861	-131.901403	1.387413	2
862	-131.882927	1.396362	2
863	-131.879452	1.382447	2
864	-131.872256	1.323744	2
865	-131.8698665	1.384412	2
866	-131.854323	1.373611	2
867	-131.8541695	1.388646	2
868	-131.843839	1.401723	2
869	-131.840738	1.357008	2
870	-131.8376195	1.395758	2
871	-131.8341065	1.429119	2
872	-131.8316935	1.429124	2
873	-131.8230425	1.330669	2
874	-131.8164495	1.406332	2
875	-131.808403	1.417301	2
876	-131.80811	1.356313	2
877	-131.805385	1.386323	2
878	-131.80535	1.373106	2
879	-131.8018825	1.431933	2
880	-131.8011835	1.440196	2
881	-131.8002775	1.398314	2
882	-131.783273	1.373166	2
883	-131.7789375	1.376614	2
884	-131.775919	1.418398	2
885	-131.76604	1.40123	2
886	-131.752072	1.381755	2
887	-131.750607	1.345732	2
888	-131.7418465	1.41026	2
889	-131.737525	1.412036	2
890	-131.7351495	1.403381	2
891	-131.710911	1.401503	2
892	-131.6993565	1.408212	2
893	-131.6974545	1.448028	2
894	-131.687904	1.403014	2
895	-131.687601	1.394808	2
896	-131.681589	1.345172	2
897	-131.647433	1.383934	2
898	-131.639056	1.443816	2
899	-131.635569	1.41858	2
900	-131.635564	1.41858	2
901	-131.63385	1.406528	2
902	-131.6336935	1.406528	2
903	-131.633688	1.406527	2
904	-131.6234255	1.402349	2
905	-131.609395	1.422378	2
906	-131.6043875	1.391934	2
907	-131.604286	1.370929	2
908	-131.6009415	1.433483	2
909	-131.5896625	1.367476	2
910	-131.576818	1.376777	2
911	-131.566236	1.386952	2
912	-131.556442	1.365573	2
913	-131.554567	1.388345	2
914	-131.55102	1.402938	2
915	-131.550877	1.35763	2
916	-131.550754	1.385754	2
917	-131.537015	1.404245	2
918	-131.5328005	1.387833	2
919	-131.5242345	1.380233	2
920	-131.5176665	1.322584	2
921	-131.515269	1.410938	2
922	-131.5132975	1.388407	2
923	-131.5090655	1.39158	2
924	-131.5005165	1.402065	2
925	-131.494682	1.403415	2
926	-131.488762	1.408278	2
927	-131.482978	1.408975	2
928	-131.4799675	1.389157	2
929	-131.4712175	1.388165	2
930	-131.4706095	1.373868	2
931	-131.459795	1.269405	2
932	-131.459377	1.366065	2
933	-131.4544815	1.412395	2
934	-131.442554	1.362625	2
935	-131.4342825	1.371106	2
936	-131.431578	1.408036	2
937	-131.4293625	1.379922	2
938	-131.4256195	1.376365	2
939	-131.422625	1.403475	2
940	-131.4041475	1.367591	2
941	-131.3892235	1.378354	2
942	-131.38601	1.431108	2
943	-131.385415	1.356071	2
944	-131.3770725	1.373954	2
945	-131.3646805	1.413441	2
946	-131.363103	1.376971	2
947	-131.362123	1.326866	2
948	-131.3143845	1.397283	2
949	-131.302046	1.3663	2
950	-131.3007515	1.385686	2
951	-131.300037	1.412549	2
952	-131.284314	1.387433	2
953	-131.260698	1.355299	2
954	-131.256164	1.358337	2
955	-131.2514835	1.387314	2
956	-131.245153	1.391775	2
957	-131.2404355	1.384141	2
958	-131.2270165	1.385761	2
959	-131.223721	1.368994	2
960	-131.216644	1.382418	2
961	-131.2136995	1.396689	2
962	-131.210454	1.389413	2
963	-131.209433	1.414256	2
964	-131.2035685	1.386623	2
965	-131.2020995	1.390934	2
966	-131.1967095	1.399898	2
967	-131.196535	1.373687	2
968	-131.1898335	1.382211	2
969	-131.187026	1.407773	2
970	-131.186454	1.406863	2
971	-131.1857075	1.415826	2
972	-131.1856505	1.390996	2
973	-131.167794	1.371655	2
974	-131.1489525	1.403045	2
975	-131.1438195	1.335276	2
976	-131.142781	1.419283	2
977	-131.1422925	1.365341	2
978	-131.1392185	1.367028	2
979	-131.127948	1.360983	2
980	-131.127026	1.405933	2
981	-131.1162905	1.392127	2
982	-131.110265	1.34109	2
983	-131.1087405	1.430075	2
984	-131.1075785	1.389754	2
985	-131.098808	1.383753	2
986	-131.0364755	1.324298	2
987	-131.018575	1.353632	2
988	-131.015178	1.436717	2
989	-131.014768	1.435832	2
990	-130.991494	1.256405	2
991	-130.9891505	1.403123	2
992	-130.987072	1.370346	2
993	-130.9723155	1.393565	2
994	-130.9714605	1.387674	2
995	-130.9559355	1.299166	2
996	-130.939522	1.421707	2
997	-130.926962	1.384646	2
998	-130.923554	1.371616	2
999	-130.9171725	1.350255	2
1000	-130.916451	1.385907	2
1001	-130.902362	1.361691	2
1002	-130.894015	1.367624	2
1003	-130.8937375	1.372091	2
1004	-130.876137	1.369921	2
1005	-130.874074	1.36412	2
1006	-130.873222	1.364093	2
1007	-130.871628	1.389362	2
1008	-130.869711	1.35034	2
1009	-130.862942	1.379476	2
1010	-130.862035	1.412732	2
1011	-130.859331	1.340535	2
1012	-130.856889	1.40635	2
1013	-130.836827	1.402205	2
1014	-130.833509	1.300224	2
1015	-130.824152	1.363304	2
1016	-130.814606	1.335532	2
1017	-130.813726	1.414084	2
1018	-130.813697	1.287006	2
1019	-130.8104225	1.367059	2
1020	-130.7918085	1.345152	2
1021	-130.7801995	1.409623	2
1022	-130.7767285	1.42966	2
1023	-130.771437	1.379134	2
1024	-130.7696285	1.397265	2
1025	-130.755446	1.360404	2
1026	-130.748644	1.360168	2
1027	-130.7461135	1.37194	2
1028	-130.7382965	1.37765	2
1029	-130.717488	1.397755	2
1030	-130.7148145	1.413806	2
1031	-130.7130275	1.442097	2
1032	-130.7072185	1.413424	2
1033	-130.706967	1.374965	2
1034	-130.704872	1.400579	2
1035	-130.7016945	1.385879	2
1036	-130.6964105	1.39367	2
1037	-130.6658905	1.389552	2
1038	-130.661522	1.344304	2
1039	-130.660713	1.343542	2
1040	-130.6592715	1.408835	2
1041	-130.650614	1.385647	2
1042	-130.647892	1.346898	2
1043	-130.633515	1.373769	2
1044	-130.616188	1.389171	2
1045	-130.6115965	1.372222	2
1046	-130.6099315	1.375312	2
1047	-130.606595	1.379608	2
1048	-130.602468	1.390823	2
1049	-130.5885555	1.340467	2
1050	-130.569903	1.340956	2
1051	-130.5680585	1.366363	2
1052	-130.5571365	1.407236	2
1053	-130.5499905	1.348746	2
1054	-130.546639	1.385765	2
1055	-130.5429845	1.384825	2
1056	-130.526738	1.414218	2
1057	-130.5190555	1.376523	2
1058	-130.512703	1.347945	2
1059	-130.50877	1.371303	2
1060	-130.5087645	1.371303	2
1061	-130.5078075	1.371303	2
1062	-130.4963425	1.372905	2
1063	-130.4954675	1.385313	2
1064	-130.4940675	1.386845	2
1065	-130.4928755	1.37528	2
1066	-130.488555	1.386731	2
1067	-130.4792165	1.368744	2
1068	-130.465152	1.382187	2
1069	-130.4580885	1.355952	2
1070	-130.449399	1.330761	2
1071	-130.435252	1.42504	2
1072	-130.427403	1.366816	2
1073	-130.417865	1.309244	2
1074	-130.407066	1.408781	2
1075	-130.4005845	1.287345	2
1076	-130.3986235	1.392972	2
1077	-130.393118	1.425683	2
1078	-130.39205	1.360307	2
1079	-130.390427	1.308357	2
1080	-130.38634	1.381319	2
1081	-130.3692435	1.429927	2
1082	-130.363599	1.310539	2
1083	-130.3286765	1.37727	2
1084	-130.324163	1.389865	2
1085	-130.3174285	1.387638	2
1086	-130.3141835	1.379722	2
1087	-130.2945035	1.294763	2
1088	-130.2764345	1.375217	2
1089	-130.2733285	1.368121	2
1090	-130.266723	1.328454	2
1091	-130.263618	1.35688	2
1092	-130.242871	1.416328	2
1093	-130.2115445	1.37526	2
1094	-130.2083985	1.422225	2
1095	-130.202139	1.414459	2
1096	-130.195582	1.308938	2
1097	-130.193723	1.389679	2
1098	-130.174459	1.430299	2
1099	-130.1497815	1.394418	2
1100	-130.149328	1.386516	2
1101	-130.1452685	1.358384	2
1102	-130.1431535	1.335545	2
1103	-130.138624	1.263244	2
1104	-130.1345545	1.423116	2
1105	-130.1164045	1.350454	2
1106	-130.116315	1.365441	2
1107	-130.105247	1.389642	2
1108	-130.100957	1.384061	2
1109	-130.091773	1.3591	2
1110	-130.090138	1.403656	2
1111	-130.05652	1.353492	2
1112	-130.052951	1.378264	2
1113	-130.050492	1.311862	2
1114	-130.047471	1.351581	2
1115	-130.045387	1.390051	2
1116	-130.026627	1.349094	2
1117	-130.01749	1.33546	2
1118	-130.002962	1.37147	2
1119	-129.981456	1.353825	2
1120	-129.974409	1.388995	2
1121	-129.9743	1.367212	2
1122	-129.9647455	1.382423	2
1123	-129.946343	1.359631	2
1124	-129.9423865	1.384038	2
1125	-129.9322885	1.416245	2
1126	-129.9237415	1.401326	2
1127	-129.9219445	1.446383	2
1128	-129.91563	1.385915	2
1129	-129.9126385	1.319617	2
1130	-129.9112795	1.350653	2
1131	-129.9076835	1.271421	2
1132	-129.897527	1.40256	2
1133	-129.881472	1.367446	2
1134	-129.8772045	1.446811	2
1135	-129.870838	1.43407	2
1136	-129.865563	1.344523	2
1137	-129.858856	1.356406	2
1138	-129.830452	1.409663	2
1139	-129.8226275	1.381526	2
1140	-129.8027375	1.392553	2
1141	-129.7815195	1.328642	2
1142	-129.7776285	1.267504	2
1143	-129.776523	1.38257	2
