0	-118.597053	1.447904	1
1	-118.11143	1.470769	1
2	-117.750377	1.465987	1
3	-116.8041	1.459414	1
4	-116.339729	1.476279	1
5	-116.206535	1.45726	1
6	-116.018876	1.45655	1
7	-115.749847	1.453805	1
8	-115.618247	1.492043	1
9	-115.154464	1.482703	1
10	-115.049706	1.454594	1
11	-114.867544	1.461649	1
12	-114.63011	1.485819	1
13	-114.563016	1.456514	1
14	-114.50011	1.424249	1
15	-114.494112	1.419505	1
16	-114.492484	1.480026	1
17	-114.411587	1.424382	1
18	-114.356728	1.477698	1
19	-114.137592	1.441988	1
20	-114.113206	1.464069	1
21	-113.909541	1.471056	1
22	-113.818132	1.454862	1
23	-113.741916	1.45645	1
24	-113.673484	1.398864	1
25	-113.671138	1.410075	1
26	-113.651333	1.480733	1
27	-113.565103	1.428278	1
28	-113.524775	1.443162	1
29	-113.391349	1.436702	1
30	-113.324949	1.440185	1
31	-113.214093	1.412293	1
32	-113.161368	1.472145	1
33	-113.089039	1.447773	1
34	-113.082374	1.456176	1
35	-113.051339	1.472072	1
36	-113.003798	1.452146	1
37	-112.998328	1.41268	1
38	-112.974955	1.447384	1
39	-112.903877	1.464361	1
40	-112.826807	1.469695	1
41	-112.790263	1.463108	1
42	-112.79024	1.463107	1
43	-112.79015	1.463107	1
44	-112.781267	1.46296	1
45	-112.781232	1.462961	1
46	-112.781229	1.46296	1
47	-112.74153	1.392731	1
48	-112.707824	1.465043	1
49	-112.663168	1.474285	1
50	-112.620488	1.408031	1
51	-112.509251	1.46154	1
52	-112.497134	1.47822	1
53	-112.47853	1.449239	1
54	-112.471191	1.473577	1
55	-112.47019	1.455251	1
56	-112.407497	1.476448	1
57	-112.407048	1.469506	1
58	-112.396731	1.445997	1
59	-112.384416	1.470611	1
60	-112.372753	1.454233	1
61	-112.360323	1.42752	1
62	-112.356704	1.415755	1
63	-112.326676	1.449954	1
64	-112.227859	1.382211	1
65	-112.216058	1.462903	1
66	-112.16619	1.428132	1
67	-112.094144	1.444207	1
68	-112.043774	1.450758	1
69	-112.025571	1.442151	1
70	-112.007414	1.456882	1
71	-111.98812	1.464752	1
72	-111.916211	1.459324	1
73	-111.907335	1.442334	1
74	-111.865674	1.452556	1
75	-111.806182	1.401473	1
76	-111.766212	1.456647	1
77	-111.763108	1.400859	1
78	-111.755031	1.433343	1
79	-111.751242	1.416617	1
80	-111.731708	1.457112	1
81	-111.729377	1.446127	1
82	-111.728236	1.444199	1
83	-111.689664	1.401638	1
84	-111.622418	1.442085	1
85	-111.61364	1.446729	1
86	-111.575325	1.434929	1
87	-111.540156	1.437848	1
88	-111.526968	1.44303	1
89	-111.492074	1.438612	1
90	-111.423218	1.425267	1
91	-111.37899	1.411541	1
92	-111.315422	1.407413	1
93	-111.312943	1.444118	1
94	-111.309016	1.423556	1
95	-111.298284	1.446061	1
96	-111.297886	1.426014	1
97	-111.293998	1.415093	1
98	-111.282068	1.429315	1
99	-111.263469	1.438535	1
100	-111.263462	1.438535	1
101	-111.263439	1.438535	1
102	-111.263439	1.438535	1
103	-111.263435	1.438535	1
104	-111.263433	1.438535	1
105	-111.242821	1.450811	1
106	-111.209116	1.438146	1
107	-111.209113	1.438146	1
108	-111.184761	1.457188	1
109	-111.144027	1.437191	1
110	-111.133108	1.407793	1
111	-111.079978	1.434836	1
112	-111.071822	1.375443	1
113	-111.044234	1.443147	1
114	-111.044216	1.443148	1
115	-111.026662	1.443068	1
116	-111.02665	1.443068	1
117	-111.011349	1.45583	1
118	-110.988537	1.42244	1
119	-110.966889	1.436556	1
120	-110.937023	1.379752	1
121	-110.930189	1.469488	1
122	-110.843811	1.423346	1
123	-110.838451	1.464002	1
124	-110.817428	1.391616	1
125	-110.803581	1.442608	1
126	-110.784647	1.434306	1
127	-110.760878	1.42525	1
128	-110.727672	1.462518	1
129	-110.715472	1.402559	1
130	-110.707922	1.431913	1
131	-110.705409	1.432488	1
132	-110.68516	1.443849	1
133	-110.654942	1.442108	1
134	-110.638879	1.449015	1
135	-110.630307	1.400936	1
136	-110.608935	1.480485	1
137	-110.608037	1.455905	1
138	-110.604395	1.435565	1
139	-110.597777	1.423691	1
140	-110.594203	1.402317	1
141	-110.574382	1.44691	1
142	-110.562753	1.4211	1
143	-110.547624	1.40019	1
144	-110.541993	1.403129	1
145	-110.540816	1.426289	1
146	-110.534651	1.422266	1
147	-110.534387	1.453043	1
148	-110.500901	1.439026	1
149	-110.496001	1.427213	1
150	-110.492119	1.421716	1
151	-110.484203	1.434719	1
152	-110.461321	1.427418	1
153	-110.459253	1.459493	1
154	-110.455057	1.442169	1
155	-110.423583	1.444456	1
156	-110.396244	1.455701	1
157	-110.39087	1.414199	1
158	-110.36001	1.38806	1
159	-110.31378	1.42511	1
160	-110.301396	1.425575	1
161	-110.287429	1.410841	1
162	-110.282521	1.436959	1
163	-110.276588	1.423915	1
164	-110.275151	1.450907	1
165	-110.25183	1.436942	1
166	-110.236514	1.467743	1
167	-110.211595	1.433063	1
168	-110.209881	1.460002	1
169	-110.205247	1.402984	1
170	-110.176334	1.395108	1
171	-110.176321	1.405271	1
172	-110.15465	1.466221	1
173	-110.122929	1.391336	1
174	-110.103582	1.447539	1
175	-110.094274	1.441049	1
176	-110.083528	1.427957	1
177	-110.058372	1.424658	1
178	-110.053652	1.427051	1
179	-110.046023	1.373445	1
180	-110.042687	1.391226	1
181	-110.041689	1.386289	1
182	-110.02841	1.444258	1
183	-110.016323	1.428786	1
184	-109.9229	1.417167	1
185	-109.913073	1.397107	1
186	-109.904732	1.432205	1
187	-109.894936	1.486054	1
188	-109.880003	1.415166	1
189	-109.872236	1.435321	1
190	-109.870976	1.428645	1
191	-109.867707	1.459253	1
192	-109.859915	1.4104	1
193	-109.848767	1.407163	1
194	-109.847686	1.440907	1
195	-109.816084	1.399046	1
196	-109.814361	1.430323	1
197	-109.813716	1.401227	1
198	-109.793494	1.436521	1
199	-109.770153	1.444798	1
200	-109.754674	1.425212	1
201	-109.735314	1.456293	1
202	-109.726644	1.425455	1
203	-109.724192	1.43524	1
204	-109.710308	1.45305	1
205	-109.701231	1.460331	1
206	-109.69298	1.444447	1
207	-109.687575	1.457968	1
208	-109.681642	1.456528	1
209	-109.680555	1.416705	1
210	-109.671628	1.434883	1
211	-109.631776	1.38466	1
212	-109.613679	1.425958	1
213	-109.610574	1.417136	1
214	-109.587352	1.416585	1
215	-109.576819	1.447174	1
216	-109.529064	1.373684	1
217	-109.519992	1.37324	1
218	-109.514752	1.422806	1
219	-109.489811	1.433464	1
220	-109.447948	1.438559	1
221	-109.436316	1.429922	1
222	-109.424526	1.444768	1
223	-109.421251	1.425111	1
224	-109.417037	1.432083	1
225	-109.414518	1.446098	1
226	-109.41228	1.43489	1
227	-109.411548	1.429718	1
228	-109.403847	1.451584	1
229	-109.378078	1.452246	1
230	-109.374062	1.429142	1
231	-109.36931	1.393529	1
232	-109.368712	1.409428	1
233	-109.358524	1.401513	1
234	-109.352058	1.441504	1
235	-109.348728	1.386479	1
236	-109.344771	1.468199	1
237	-109.337149	1.476901	1
238	-109.334475	1.41455	1
239	-109.283074	1.448393	1
240	-109.250137	1.41892	1
241	-109.24445	1.434565	1
242	-109.231838	1.431158	1
243	-109.176307	1.428604	1
244	-109.17087	1.424618	1
245	-109.170097	1.409303	1
246	-109.163509	1.451984	1
247	-109.152054	1.442887	1
248	-109.139031	1.412278	1
249	-109.135021	1.452371	1
250	-109.118445	1.4501	1
251	-109.115553	1.464737	1
252	-109.106177	1.402415	1
253	-109.104459	1.383255	1
254	-109.080128	1.395105	1
255	-109.074186	1.423274	1
256	-109.072752	1.436551	1
257	-109.062796	1.390938	1
258	-109.054807	1.422902	1
259	-109.045151	1.417929	1
260	-109.033741	1.445683	1
261	-109.03117	1.410747	1
262	-109.01865	1.391895	1
263	-109.01327	1.371888	1
264	-108.983947	1.446776	1
265	-108.948231	1.425153	1
266	-108.94002	1.423456	1
267	-108.939155	1.414161	1
268	-108.933413	1.414161	1
269	-108.930436	1.374118	1
270	-108.919482	1.443084	1
271	-108.917175	1.453752	1
272	-108.912533	1.455665	1
273	-108.907501	1.438957	1
274	-108.905433	1.402217	1
275	-108.89764	1.402568	1
276	-108.8879	1.408999	1
277	-108.879089	1.393142	1
278	-108.878703	1.378159	1
279	-108.871674	1.408931	1
280	-108.86663	1.38506	1
281	-108.853633	1.438862	1
282	-108.844351	1.432536	1
283	-108.834585	1.402501	1
284	-108.821862	1.411823	1
285	-108.807486	1.408687	1
286	-108.802978	1.431939	1
287	-108.802474	1.42769	1
288	-108.802132	1.361581	1
289	-108.799887	1.422339	1
290	-108.787016	1.431086	1
291	-108.785524	1.408746	1
292	-108.770409	1.399087	1
293	-108.758692	1.383102	1
294	-108.757642	1.413247	1
295	-108.749937	1.425256	1
296	-108.732998	1.398485	1
297	-108.731046	1.445626	1
298	-108.729811	1.410707	1
299	-108.711523	1.428057	1
300	-108.697252	1.384859	1
301	-108.684642	1.435459	1
302	-108.684566	1.400673	1
303	-108.682299	1.435605	1
304	-108.669977	1.390509	1
305	-108.664694	1.398261	1
306	-108.657531	1.419118	1
307	-108.649819	1.364464	1
308	-108.627567	1.406719	1
309	-108.625131	1.432602	1
310	-108.602495	1.40618	1
311	-108.579495	1.442221	1
312	-108.578539	1.425849	1
313	-108.578462	1.408025	1
314	-108.56756	1.422002	1
315	-108.567552	1.432346	1
316	-108.566206	1.418845	1
317	-108.553108	1.385913	1
318	-108.54995	1.411433	1
319	-108.548391	1.424148	1
320	-108.528554	1.418188	1
321	-108.528507	1.444961	1
322	-108.525224	1.425718	1
323	-108.524779	1.440879	1
324	-108.519781	1.400999	1
325	-108.517685	1.366834	1
326	-108.514638	1.417324	1
327	-108.496318	1.421336	1
328	-108.482904	1.423952	1
329	-108.480304	1.451816	1
330	-108.472031	1.353537	1
331	-108.456911	1.436428	1
332	-108.454773	1.457004	1
333	-108.443092	1.432775	1
334	-108.434749	1.400137	1
335	-108.432207	1.377527	1
336	-108.430914	1.410051	1
337	-108.425617	1.438808	1
338	-108.425244	1.400713	1
339	-108.414033	1.44415	1
340	-108.39077	1.430188	1
341	-108.384633	1.403243	1
342	-108.382971	1.470037	1
343	-108.381336	1.436659	1
344	-108.375053	1.422456	1
345	-108.33213	1.430761	1
346	-108.312754	1.441265	1
347	-108.307149	1.444216	1
348	-108.300346	1.441134	1
349	-108.300333	1.441134	1
350	-108.300328	1.441133	1
351	-108.300328	1.441133	1
352	-108.300318	1.441135	1
353	-108.300304	1.441134	1
354	-108.300259	1.441134	1
355	-108.300249	1.441134	1
356	-108.300249	1.441135	1
357	-108.300248	1.441135	1
358	-108.300245	1.441134	1
359	-108.300242	1.441134	1
360	-108.300242	1.441134	1
361	-108.300184	1.441133	1
362	-108.300073	1.441096	1
363	-108.289812	1.408266	1
364	-108.28805	1.41506	1
365	-108.28772	1.441143	1
366	-108.287489	1.441138	1
367	-108.285936	1.441084	1
368	-108.285918	1.441086	1
369	-108.285914	1.441085	1
370	-108.285912	1.441085	1
371	-108.285912	1.441085	1
372	-108.285909	1.441085	1
373	-108.285909	1.441085	1
374	-108.285908	1.441085	1
375	-108.285905	1.441085	1
376	-108.285904	1.441085	1
377	-108.285901	1.441084	1
378	-108.285794	1.441083	1
379	-108.285741	1.441084	1
380	-108.285733	1.441084	1
381	-108.285732	1.441083	1
382	-108.285732	1.441084	1
383	-108.285732	1.441084	1
384	-108.283777	1.430155	1
385	-108.280967	1.386565	1
386	-108.278659	1.441037	1
387	-108.267117	1.37391	1
388	-108.264623	1.396138	1
389	-108.261317	1.448561	1
390	-108.256462	1.444669	1
391	-108.255058	1.442955	1
392	-108.250943	1.443174	1
393	-108.215554	1.378708	1
394	-108.211217	1.404143	1
395	-108.210294	1.452402	1
396	-108.194252	1.432653	1
397	-108.189702	1.380489	1
398	-108.187549	1.382967	1
399	-108.177298	1.452616	1
400	-108.173605	1.421083	1
401	-108.160561	1.372203	1
402	-108.157193	1.432898	1
403	-108.15267	1.407053	1
404	-108.145134	1.444	1
405	-108.141479	1.413828	1
406	-108.139037	1.39756	1
407	-108.134894	1.432955	1
408	-108.131289	1.421833	1
409	-108.119742	1.401484	1
410	-108.118699	1.44198	1
411	-108.105403	1.404223	1
412	-108.103214	1.435653	1
413	-108.102269	1.392585	1
414	-108.078781	1.403823	1
415	-108.072003	1.438083	1
416	-108.068486	1.390183	1
417	-108.06675	1.428159	1
418	-108.064178	1.402075	1
419	-108.057815	1.397772	1
420	-108.056752	1.393118	1
421	-108.056413	1.474527	1
422	-108.05221	1.404072	1
423	-108.041023	1.412205	1
424	-108.031747	1.414384	1
425	-108.028199	1.39543	1
426	-108.021833	1.411047	1
427	-108.006147	1.378353	1
428	-107.999611	1.416125	1
429	-107.990874	1.441791	1
430	-107.98546	1.406823	1
431	-107.98016	1.458215	1
432	-107.974154	1.437345	1
433	-107.950133	1.425054	1
434	-107.94554	1.397739	1
435	-107.941364	1.427711	1
436	-107.940089	1.434993	1
437	-107.933237	1.426191	1
438	-107.928737	1.403996	1
439	-107.924276	1.391263	1
440	-107.908728	1.43325	1
441	-107.90554	1.394721	1
442	-107.899924	1.43423	1
443	-107.881553	1.410859	1
444	-107.880065	1.401359	1
445	-107.868214	1.352659	1
446	-107.851581	1.402209	1
447	-107.818023	1.393939	1
448	-107.81697	1.380282	1
449	-107.816004	1.415632	1
450	-107.81166	1.416286	1
451	-107.805366	1.383155	1
452	-107.802374	1.424346	1
453	-107.792463	1.388835	1
454	-107.787124	1.40212	1
455	-107.782031	1.42867	1
456	-107.769026	1.385479	1
457	-107.764945	1.367672	1
458	-107.748158	1.38304	1
459	-107.744116	1.426064	1
460	-107.735088	1.425758	1
461	-107.731516	1.385462	1
462	-107.722747	1.405702	1
463	-107.71022	1.366901	1
464	-107.697568	1.415264	1
465	-107.690997	1.443509	1
466	-107.688293	1.410681	1
467	-107.687415	1.355477	1
468	-107.684355	1.404448	1
469	-107.683204	1.425524	1
470	-107.67917	1.341478	1
471	-107.665264	1.441974	1
472	-107.661977	1.401305	1
473	-107.654923	1.397579	1
474	-107.641574	1.369647	1
475	-107.623135	1.402408	1
476	-107.618339	1.392568	1
477	-107.618006	1.373374	1
478	-107.617161	1.429397	1
479	-107.611193	1.411453	1
480	-107.610392	1.412951	1
481	-107.605825	1.393042	1
482	-107.587533	1.455111	1
483	-107.586227	1.377591	1
484	-107.577139	1.370158	1
485	-107.554989	1.405801	1
486	-107.549097	1.45171	1
487	-107.547498	1.385844	1
488	-107.545534	1.451286	1
489	-107.541576	1.400556	1
490	-107.530363	1.473387	1
491	-107.52958	1.336713	1
492	-107.525581	1.443101	1
493	-107.522786	1.407569	1
494	-107.521967	1.461349	1
495	-107.515739	1.397676	1
496	-107.50363	1.426737	1
497	-107.486433	1.426429	1
498	-107.483841	1.372733	1
499	-107.482967	1.415449	1
500	-107.470908	1.385323	1
501	-107.463048	1.376807	1
502	-107.459441	1.442771	1
503	-107.458324	1.390621	1
504	-107.455093	1.395178	1
505	-107.431772	1.388672	1
506	-107.424885	1.424774	1
507	-107.415113	1.390369	1
508	-107.407587	1.396254	1
509	-107.406627	1.401964	1
510	-107.398847	1.407892	1
511	-107.397756	1.401728	1
512	-107.391264	1.395835	1
513	-107.386454	1.407983	1
514	-107.386027	1.427866	1
515	-107.381129	1.423043	1
516	-107.369478	1.401548	1
517	-107.358989	1.456711	1
518	-107.358373	1.419639	1
519	-107.33881	1.409401	1
520	-107.336935	1.440153	1
521	-107.336842	1.406445	1
522	-107.333133	1.438487	1
523	-107.323827	1.379415	1
524	-107.316242	1.418762	1
525	-107.313537	1.434211	1
526	-107.312494	1.366358	1
527	-107.298621	1.408476	1
528	-107.295973	1.343209	1
529	-107.283467	1.435086	1
530	-107.282989	1.380767	1
531	-107.282853	1.380767	1
532	-107.282714	1.380765	1
533	-107.280555	1.457334	1
534	-107.276652	1.452761	1
535	-107.276226	1.38065	1
536	-107.276213	1.380649	1
537	-107.276202	1.380649	1
538	-107.276196	1.380651	1
539	-107.276196	1.380649	1
540	-107.276194	1.380649	1
541	-107.276194	1.380649	1
542	-107.276192	1.380649	1
543	-107.27619	1.380649	1
544	-107.27619	1.380649	1
545	-107.27619	1.380649	1
546	-107.276188	1.380649	1
547	-107.276187	1.38065	1
548	-107.276187	1.380649	1
549	-107.276185	1.380649	1
550	-107.276185	1.380649	1
551	-107.276184	1.380649	1
552	-107.276183	1.380649	1
553	-107.276176	1.380649	1
554	-107.276175	1.380649	1
555	-107.274218	1.380745	1
556	-107.274169	1.380744	1
557	-107.274169	1.380744	1
558	-107.274167	1.380744	1
559	-107.27416	1.380745	1
560	-107.27415	1.380744	1
561	-107.274145	1.380744	1
562	-107.274144	1.380744	1
563	-107.274143	1.380745	1
564	-107.274142	1.380744	1
565	-107.274141	1.380744	1
566	-107.27414	1.380744	1
567	-107.27414	1.380744	1
568	-107.274139	1.380744	1
569	-107.274138	1.380744	1
570	-107.274138	1.380744	1
571	-107.274138	1.380744	1
572	-107.274138	1.380745	1
573	-107.274137	1.380744	1
574	-107.274137	1.380744	1
575	-107.274135	1.380744	1
576	-107.274132	1.380744	1
577	-107.27413	1.380744	1
578	-107.274126	1.380744	1
579	-107.274124	1.380744	1
580	-107.271067	1.392595	1
581	-107.270556	1.403622	1
582	-107.267737	1.38063	1
583	-107.26737	1.380625	1
584	-107.265307	1.370695	1
585	-107.263571	1.40598	1
586	-107.258733	1.485984	1
587	-107.258403	1.374626	1
588	-107.25422	1.398674	1
589	-107.245848	1.421402	1
590	-107.243431	1.41912	1
591	-107.232467	1.413799	1
592	-107.232253	1.380865	1
593	-107.224311	1.415858	1
594	-107.222463	1.428122	1
595	-107.210017	1.385028	1
596	-107.203772	1.443553	1
597	-107.199341	1.366685	1
598	-107.192956	1.389534	1
599	-107.181072	1.375591	1
600	-107.171933	1.434767	1
601	-107.165019	1.414889	1
602	-107.163138	1.407159	1
603	-107.156673	1.370888	1
604	-107.156061	1.382103	1
605	-107.155836	1.414882	1
606	-107.14816	1.409814	1
607	-107.130127	1.427552	1
608	-107.117336	1.399376	1
609	-107.10642	1.424263	1
610	-107.095198	1.436044	1
611	-107.093076	1.437058	1
612	-107.088189	1.38098	1
613	-107.087877	1.339244	1
614	-107.087498	1.404912	1
615	-107.079793	1.408025	1
616	-107.073383	1.4329	1
617	-107.062678	1.414708	1
618	-107.057952	1.415657	1
619	-107.049945	1.386671	1
620	-107.046875	1.389801	1
621	-107.034439	1.408774	1
622	-107.034081	1.425675	1
623	-107.030829	1.427624	1
624	-107.027961	1.330341	1
625	-107.021915	1.440338	1
626	-107.016146	1.389021	1
627	-107.009737	1.388033	1
628	-106.990282	1.389854	1
629	-106.986309	1.393127	1
630	-106.973257	1.408756	1
631	-106.960643	1.429243	1
632	-106.959966	1.417139	1
633	-106.958583	1.423114	1
634	-106.951827	1.418516	1
635	-106.94836	1.395992	1
636	-106.94085	1.394768	1
637	-106.938566	1.40889	1
638	-106.936873	1.430185	1
639	-106.934226	1.388658	1
640	-106.929915	1.4306	1
641	-106.921561	1.424407	1
642	-106.917017	1.400821	1
643	-106.906333	1.377774	1
644	-106.890007	1.379226	1
645	-106.881734	1.39472	1
646	-106.875428	1.398068	1
647	-106.871549	1.426696	1
648	-106.86071	1.422406	1
649	-106.860302	1.401514	1
650	-106.854979	1.427521	1
651	-106.852867	1.418943	1
652	-106.845624	1.400959	1
653	-106.844467	1.417611	1
654	-106.837374	1.403881	1
655	-106.834988	1.40169	1
656	-106.830834	1.376841	1
657	-106.824861	1.397618	1
658	-106.815818	1.399355	1
659	-106.808596	1.441353	1
660	-106.804568	1.387786	1
661	-106.804131	1.406091	1
662	-106.803051	1.448577	1
663	-106.800482	1.355692	1
664	-106.799953	1.3906	1
665	-106.791316	1.396915	1
666	-106.777625	1.397117	1
667	-106.77468	1.441241	1
668	-106.774679	1.441241	1
669	-106.774674	1.441241	1
670	-106.774669	1.441241	1
671	-106.770442	1.450963	1
672	-106.76015	1.404254	1
673	-106.747541	1.430767	1
674	-106.742003	1.41166	1
675	-106.731565	1.499184	1
676	-106.731052	1.400699	1
677	-106.729017	1.41926	1
678	-106.728523	1.412431	1
679	-106.720947	1.340522	1
680	-106.71907	1.385703	1
681	-106.706491	1.373025	1
682	-106.698452	1.379609	1
683	-106.694432	1.413422	1
684	-106.68448	1.381485	1
685	-106.673088	1.403943	1
686	-106.670689	1.399014	1
687	-106.654915	1.383105	1
688	-106.65312	1.394737	1
689	-106.649755	1.429566	1
690	-106.648497	1.440466	1
691	-106.648144	1.412827	1
692	-106.647205	1.430463	1
693	-106.629568	1.353097	1
694	-106.624007	1.359761	1
695	-106.621138	1.350191	1
696	-106.612508	1.368767	1
697	-106.610558	1.394248	1
698	-106.599848	1.388029	1
699	-106.598924	1.384039	1
700	-106.591198	1.405015	1
701	-106.584427	1.365664	1
702	-106.576827	1.465731	1
703	-106.569974	1.406551	1
704	-106.569924	1.392896	1
705	-106.568037	1.415653	1
706	-106.566086	1.399485	1
707	-106.565455	1.405403	1
708	-106.559058	1.429464	1
709	-106.553601	1.335281	1
710	-106.547909	1.425126	1
711	-106.544865	1.432103	1
712	-106.534167	1.341625	1
713	-106.528996	1.435606	1
714	-106.526833	1.381146	1
715	-106.525581	1.387552	1
716	-106.523764	1.435491	1
717	-106.523733	1.432723	1
718	-106.523406	1.367472	1
719	-106.519555	1.417133	1
720	-106.51937	1.417135	1
721	-106.518352	1.42406	1
722	-106.512541	1.386193	1
723	-106.508964	1.397487	1
724	-106.506616	1.396296	1
725	-106.506404	1.422595	1
726	-106.502463	1.373328	1
727	-106.495146	1.402708	1
728	-106.494516	1.394148	1
729	-106.493929	1.419743	1
730	-106.493555	1.378297	1
731	-106.492966	1.351341	1
732	-106.489793	1.395248	1
733	-106.488153	1.378799	1
734	-106.482433	1.458256	1
735	-106.48047	1.438696	1
736	-106.477474	1.365515	1
737	-106.458588	1.425732	1
738	-106.453779	1.421218	1
739	-106.437878	1.394809	1
740	-106.434612	1.344257	1
741	-106.434327	1.385051	1
742	-106.43397	1.443164	1
743	-106.433217	1.387521	1
744	-106.42359	1.43735	1
745	-106.423372	1.395751	1
746	-106.407993	1.372815	1
747	-106.403012	1.400229	1
748	-106.400929	1.432731	1
749	-106.397149	1.378902	1
750	-106.391341	1.426285	1
751	-106.387946	1.427064	1
752	-106.38385	1.403991	1
753	-106.376851	1.424918	1
754	-106.375172	1.389648	1
755	-106.37267	1.414825	1
756	-106.372376	1.333404	1
757	-106.364918	1.403336	1
758	-106.360657	1.383092	1
759	-106.359949	1.325974	1
760	-106.355166	1.416445	1
761	-106.348897	1.395465	1
762	-106.341716	1.446591	1
763	-106.337851	1.452407	1
764	-106.336702	1.414112	1
765	-106.335766	1.359316	1
766	-106.334507	1.392722	1
767	-106.33148	1.420179	1
768	-106.328988	1.401597	1
769	-106.313637	1.419197	1
770	-106.311412	1.385752	1
771	-106.293142	1.345549	1
772	-106.289847	1.392112	1
773	-106.260696	1.330659	1
774	-106.25791	1.439946	1
775	-106.254397	1.347062	1
776	-106.241471	1.376555	1
777	-106.239592	1.39793	1
778	-106.236132	1.374148	1
779	-106.234056	1.390801	1
780	-106.233254	1.415982	1
781	-106.223762	1.381762	1
782	-106.221862	1.437694	1
783	-106.221573	1.373074	1
784	-106.21839	1.420677	1
785	-106.207241	1.41123	1
786	-106.200639	1.358934	1
787	-106.199987	1.407006	1
788	-106.195505	1.410836	1
789	-106.192189	1.385085	1
790	-106.190442	1.383769	1
791	-106.189251	1.407849	1
792	-106.172117	1.405557	1
793	-106.162753	1.391673	1
794	-106.159194	1.394232	1
795	-106.153805	1.359779	1
796	-106.151892	1.367658	1
797	-106.148399	1.387931	1
798	-106.147439	1.372116	1
799	-106.146096	1.426158	1
800	-106.137691	1.385857	1
801	-106.136077	1.445019	1
802	-106.134463	1.426839	1
803	-106.131557	1.395431	1
804	-106.126038	1.456852	1
805	-106.121147	1.427104	1
806	-106.115461	1.410087	1
807	-106.111231	1.434275	1
808	-106.109699	1.42227	1
809	-106.106356	1.435018	1
810	-106.099323	1.399163	1
811	-106.097352	1.381105	1
812	-106.094467	1.396364	1
813	-106.092376	1.393327	1
814	-106.091743	1.3732	1
815	-106.085617	1.411829	1
816	-106.085048	1.392749	1
817	-106.079174	1.366427	1
818	-106.075464	1.400021	1
819	-106.072802	1.395168	1
820	-106.071446	1.395803	1
821	-106.065073	1.441244	1
822	-106.064994	1.416299	1
823	-106.064261	1.382743	1
824	-106.064097	1.394823	1
825	-106.063751	1.425974	1
826	-106.047266	1.397025	1
827	-106.045324	1.39291	1
828	-106.043784	1.422325	1
829	-106.042978	1.440934	1
830	-106.04278	1.412739	1
831	-106.042121	1.414375	1
832	-106.039536	1.386794	1
833	-106.035669	1.405774	1
834	-106.027583	1.385962	1
835	-106.026206	1.40219	1
836	-106.017999	1.348499	1
837	-106.014976	1.435461	1
838	-106.000892	1.386493	1
839	-105.995393	1.406253	1
840	-105.988126	1.385788	1
841	-105.985331	1.433328	1
842	-105.98386	1.378732	1
843	-105.97612	1.370105	1
844	-105.975602	1.422277	1
845	-105.973893	1.415375	1
846	-105.966707	1.455668	1
847	-105.960055	1.431734	1
848	-105.957659	1.349376	1
849	-105.956621	1.379202	1
850	-105.947997	1.380306	1
851	-105.943473	1.426294	1
852	-105.935812	1.351257	1
853	-105.920597	1.365548	1
854	-105.920263	1.3582	1
855	-105.906791	1.389006	1
856	-105.90552	1.371298	1
857	-105.904463	1.38284	1
858	-105.903519	1.418925	1
859	-105.902885	1.420215	1
860	-105.901091	1.385491	1
861	-105.89988	1.376164	1
862	-105.897735	1.393713	1
863	-105.885283	1.369129	1
864	-105.877805	1.410958	1
865	-105.872966	1.436089	1
866	-105.872853	1.446213	1
867	-105.868194	1.42618	1
868	-105.859985	1.42876	1
869	-105.857915	1.391946	1
870	-105.846972	1.414578	1
871	-105.846616	1.396703	1
872	-105.844494	1.356474	1
873	-105.841952	1.386067	1
874	-105.839893	1.408793	1
875	-105.839667	1.365172	1
876	-105.832789	1.408193	1
877	-105.831511	1.409898	1
878	-105.829218	1.391894	1
879	-105.828289	1.394956	1
880	-105.82483	1.398107	1
881	-105.818384	1.413193	1
882	-105.815142	1.426526	1
883	-105.814732	1.372237	1
884	-105.814536	1.427621	1
885	-105.807099	1.421764	1
886	-105.806031	1.366729	1
887	-105.805645	1.407428	1
888	-105.802277	1.370594	1
889	-105.801712	1.410786	1
890	-105.793496	1.40034	1
891	-105.793326	1.392779	1
892	-105.789703	1.413888	1
893	-105.781951	1.359007	1
894	-105.781939	1.420963	1
895	-105.781124	1.344428	1
896	-105.775809	1.312373	1
897	-105.775555	1.33117	1
898	-105.76765	1.412257	1
899	-105.765966	1.376109	1
900	-105.758912	1.36199	1
901	-105.758335	1.382047	1
902	-105.75582	1.446734	1
903	-105.752915	1.362625	1
904	-105.752066	1.410647	1
905	-105.751516	1.37637	1
906	-105.745054	1.384367	1
907	-105.731411	1.39195	1
908	-105.716509	1.405753	1
909	-105.712995	1.283937	1
910	-105.708062	1.419198	1
911	-105.70622	1.375262	1
912	-105.702302	1.396393	1
913	-105.701518	1.416113	1
914	-105.701067	1.345899	1
915	-105.698083	1.37665	1
916	-105.694212	1.410514	1
917	-105.677627	1.440368	1
918	-105.664516	1.406775	1
919	-105.656725	1.433033	1
920	-105.655573	1.425906	1
921	-105.649264	1.432429	1
922	-105.648348	1.37657	1
923	-105.641017	1.405053	1
924	-105.631573	1.390925	1
925	-105.629757	1.441605	1
926	-105.629203	1.361854	1
927	-105.622584	1.356205	1
928	-105.621017	1.397392	1
929	-105.619884	1.336153	1
930	-105.619773	1.440564	1
931	-105.609477	1.351945	1
932	-105.602149	1.420258	1
933	-105.600472	1.358066	1
934	-105.589973	1.427721	1
935	-105.584725	1.420838	1
936	-105.579558	1.378472	1
937	-105.575768	1.402827	1
938	-105.574267	1.390264	1
939	-105.568341	1.397852	1
940	-105.56266	1.382818	1
941	-105.55711	1.359831	1
942	-105.556373	1.362963	1
943	-105.551075	1.3985	1
944	-105.547631	1.396157	1
945	-105.543584	1.394218	1
946	-105.543104	1.400156	1
947	-105.542983	1.413973	1
948	-105.534921	1.337735	1
949	-105.53002	1.367098	1
950	-105.524217	1.402461	1
951	-105.522464	1.335339	1
952	-105.520565	1.407651	1
953	-105.515687	1.413521	1
954	-105.515345	1.390006	1
955	-105.510352	1.375342	1
956	-105.5004	1.419642	1
957	-105.49481	1.383307	1
958	-105.489447	1.38139	1
959	-105.487987	1.332515	1
960	-105.487408	1.405857	1
961	-105.486807	1.40121	1
962	-105.486172	1.416127	1
963	-105.486007	1.411699	1
964	-105.483564	1.375486	1
965	-105.480842	1.36769	1
966	-105.479007	1.328393	1
967	-105.475841	1.406856	1
968	-105.470755	1.418005	1
969	-105.466773	1.38157	1
970	-105.466098	1.367697	1
971	-105.465365	1.4215	1
972	-105.453209	1.375483	1
973	-105.448027	1.41019	1
974	-105.446475	1.412825	1
975	-105.440979	1.387903	1
976	-105.433957	1.425841	1
977	-105.433021	1.387221	1
978	-105.427342	1.448344	1
979	-105.421131	1.387466	1
980	-105.419386	1.415411	1
981	-105.411983	1.413237	1
982	-105.404337	1.414311	1
983	-105.390515	1.402156	1
984	-105.388741	1.400947	1
985	-105.38871	1.388412	1
986	-105.383559	1.407489	1
987	-105.383241	1.382464	1
988	-105.374507	1.344473	1
989	-105.372386	1.384106	1
990	-105.365623	1.367628	1
991	-105.365439	1.413112	1
992	-105.362215	1.422845	1
993	-105.360936	1.397018	1
994	-105.359897	1.390408	1
995	-105.355115	1.387667	1
996	-105.354971	1.421046	1
997	-105.351227	1.415768	1
998	-105.348931	1.374719	1
999	-105.341631	1.398168	1
1000	-105.34091	1.414593	1
1001	-105.338595	1.320296	1
1002	-105.336028	1.376292	1
1003	-105.31718	1.358729	1
1004	-105.315187	1.402323	1
1005	-105.31291	1.430402	1
1006	-105.31076	1.403049	1
1007	-105.308136	1.409204	1
1008	-105.305771	1.377481	1
1009	-105.29715	1.415175	1
1010	-105.294917	1.412835	1
1011	-105.293308	1.37926	1
1012	-105.290165	1.375516	1
1013	-105.287223	1.406325	1
1014	-105.286535	1.350658	1
1015	-105.277351	1.400355	1
1016	-105.274083	1.349272	1
1017	-105.272691	1.357766	1
1018	-105.27177	1.399432	1
1019	-105.263931	1.386767	1
1020	-105.262137	1.415648	1
1021	-105.257607	1.417085	1
1022	-105.247368	1.333218	1
1023	-105.247137	1.400056	1
1024	-105.244384	1.431839	1
1025	-105.244268	1.381325	1
1026	-105.243937	1.388253	1
1027	-105.242015	1.446392	1
1028	-105.241299	1.361809	1
1029	-105.240891	1.341667	1
1030	-105.239271	1.404135	1
1031	-105.222313	1.398306	1
1032	-105.21211	1.357988	1
1033	-105.209859	1.431133	1
1034	-105.194845	1.404859	1
1035	-105.191328	1.329416	1
1036	-105.186676	1.351607	1
1037	-105.176879	1.393631	1
1038	-105.172646	1.338643	1
1039	-105.170384	1.418209	1
1040	-105.162579	1.367525	1
1041	-105.162542	1.420802	1
1042	-105.16107	1.39984	1
1043	-105.159641	1.391748	1
1044	-105.157233	1.350051	1
1045	-105.154723	1.398363	1
1046	-105.154375	1.391005	1
1047	-105.150493	1.351151	1
1048	-105.146858	1.406744	1
1049	-105.145218	1.414229	1
1050	-105.144982	1.382522	1
1051	-105.142854	1.378146	1
1052	-105.139433	1.321626	1
1053	-105.134514	1.406758	1
1054	-105.122079	1.432899	1
1055	-105.121356	1.409042	1
1056	-105.11745	1.426481	1
1057	-105.112554	1.416421	1
1058	-105.112021	1.360721	1
1059	-105.105637	1.415846	1
1060	-105.104943	1.417492	1
1061	-105.102648	1.3581	1
1062	-105.097986	1.458115	1
1063	-105.088799	1.389406	1
1064	-105.084988	1.420779	1
1065	-105.07986	1.341409	1
1066	-105.079007	1.393676	1
1067	-105.075483	1.379604	1
1068	-105.072242	1.34534	1
1069	-105.063994	1.358221	1
1070	-105.053678	1.380775	1
1071	-105.044338	1.378239	1
1072	-105.043112	1.395152	1
1073	-105.040851	1.354737	1
1074	-105.039447	1.371103	1
1075	-105.036473	1.4419	1
1076	-105.036208	1.412976	1
1077	-105.03373	1.363642	1
1078	-105.033695	1.407124	1
1079	-105.033662	1.407124	1
1080	-105.032783	1.381511	1
1081	-105.030355	1.422609	1
1082	-105.028905	1.347676	1
1083	-105.026932	1.450443	1
1084	-105.011093	1.330078	1
1085	-105.002636	1.428822	1
1086	-105.002606	1.428822	1
1087	-105.001501	1.428605	1
1088	-105.001372	1.402015	1
1089	-104.99822	1.38104	1
1090	-104.996555	1.402572	1
1091	-104.995894	1.407691	1
1092	-104.993349	1.402125	1
1093	-104.981903	1.402198	1
1094	-104.975989	1.363782	1
1095	-104.969665	1.387091	1
1096	-104.965684	1.424242	1
1097	-104.962553	1.416437	1
1098	-104.962089	1.403033	1
1099	-104.953559	1.389231	1
1100	-104.948502	1.406462	1
1101	-104.948346	1.392062	1
1102	-104.944953	1.363819	1
1103	-104.941736	1.340466	1
1104	-104.941507	1.332588	1
1105	-104.938452	1.393204	1
1106	-104.936033	1.37494	1
1107	-104.931341	1.358208	1
1108	-104.930276	1.394601	1
1109	-104.928264	1.346589	1
1110	-104.921917	1.411801	1
1111	-104.918601	1.389012	1
1112	-104.914248	1.376281	1
1113	-104.907624	1.364568	1
1114	-104.906303	1.433868	1
1115	-104.903064	1.377246	1
1116	-104.899984	1.415456	1
1117	-104.898781	1.362052	1
1118	-104.894047	1.370874	1
1119	-104.890499	1.331301	1
1120	-104.888507	1.376157	1
1121	-104.887748	1.403441	1
1122	-104.883573	1.397599	1
1123	-104.881849	1.328312	1
1124	-104.880686	1.359547	1
1125	-104.879354	1.405167	1
1126	-104.876127	1.420138	1
1127	-104.87245	1.396693	1
1128	-104.868946	1.370347	1
1129	-104.868246	1.402422	1
1130	-104.866718	1.397694	1
1131	-104.866674	1.351849	1
1132	-104.866565	1.38492	1
1133	-104.862851	1.41765	1
1134	-104.861363	1.33738	1
1135	-104.855377	1.420812	1
1136	-104.854587	1.373836	1
1137	-104.852692	1.307607	1
1138	-104.848603	1.345252	1
1139	-104.846309	1.371066	1
1140	-104.843896	1.408894	1
1141	-104.840592	1.386956	1
1142	-104.838498	1.439991	1
1143	-104.837038	1.424552	1
1144	-104.836114	1.360492	1
1145	-104.833876	1.442108	1
1146	-104.830201	1.401001	1
1147	-104.8287	1.421778	1
1148	-104.827598	1.416802	1
1149	-104.826637	1.40991	1
1150	-104.826306	1.412537	1
1151	-104.824946	1.353599	1
1152	-104.822966	1.403751	1
1153	-104.821093	1.409673	1
1154	-104.81975	1.442811	1
1155	-104.819059	1.366917	1
1156	-104.809758	1.390984	1
1157	-104.806454	1.39563	1
1158	-104.805412	1.421553	1
1159	-104.804649	1.353882	1
1160	-104.803614	1.41223	1
1161	-104.803596	1.41223	1
1162	-104.803592	1.41223	1
1163	-104.80359	1.41223	1
1164	-104.803589	1.41223	1
1165	-104.803582	1.41223	1
1166	-104.793929	1.390245	1
1167	-104.79376	1.36555	1
1168	-104.792386	1.415956	1
1169	-104.786716	1.382537	1
1170	-104.782182	1.410391	1
1171	-104.782027	1.410833	1
1172	-104.778191	1.396361	1
1173	-104.777661	1.340398	1
1174	-104.7734	1.412041	1
1175	-104.7734	1.412041	1
1176	-104.773397	1.412041	1
1177	-104.773394	1.412041	1
1178	-104.773382	1.412041	1
1179	-104.773381	1.412041	1
1180	-104.768838	1.362317	1
1181	-104.768693	1.428778	1
1182	-104.767818	1.381597	1
1183	-104.76309	1.374177	1
1184	-104.756706	1.372114	1
1185	-104.751955	1.402708	1
1186	-104.748716	1.315127	1
1187	-104.744549	1.418906	1
1188	-104.739408	1.412224	1
1189	-104.738504	1.350939	1
1190	-104.738377	1.377249	1
1191	-104.736573	1.399285	1
1192	-104.734991	1.393503	1
1193	-104.727529	1.34347	1
1194	-104.722022	1.34023	1
1195	-104.72127	1.303076	1
1196	-104.719861	1.396381	1
1197	-104.716844	1.420107	1
1198	-104.707187	1.437521	1
1199	-104.706205	1.382389	1
1200	-104.70001	1.422079	1
1201	-104.699627	1.420549	1
1202	-104.695077	1.39107	1
1203	-104.694229	1.417925	1
1204	-104.689393	1.358575	1
1205	-104.687191	1.357678	1
1206	-104.682816	1.370599	1
1207	-104.681585	1.407249	1
1208	-104.681469	1.28877	1
1209	-104.678608	1.368035	1
1210	-104.677637	1.391053	1
1211	-104.672286	1.400286	1
1212	-104.670045	1.389175	1
1213	-104.668517	1.419886	1
1214	-104.667582	1.348954	1
1215	-104.664751	1.403484	1
1216	-104.663017	1.338019	1
1217	-104.662271	1.343754	1
1218	-104.659045	1.367434	1
1219	-104.65478	1.427613	1
1220	-104.654637	1.425711	1
1221	-104.647043	1.291844	1
1222	-104.630827	1.408099	1
1223	-104.626438	1.379169	1
1224	-104.624926	1.395815	1
1225	-104.620237	1.416726	1
1226	-104.619752	1.408605	1
1227	-104.605247	1.404366	1
1228	-104.604543	1.420054	1
1229	-104.603257	1.375338	1
1230	-104.600998	1.352285	1
1231	-104.597864	1.337893	1
1232	-104.59665	1.383798	1
1233	-104.591469	1.413167	1
1234	-104.590665	1.376042	1
1235	-104.58961	1.382857	1
1236	-104.5833	1.353571	1
1237	-104.582442	1.418318	1
1238	-104.581915	1.428504	1
1239	-104.581595	1.393537	1
1240	-104.576687	1.413981	1
1241	-104.574708	1.414069	1
1242	-104.571011	1.391523	1
1243	-104.568462	1.394003	1
1244	-104.566857	1.296479	1
1245	-104.561724	1.42011	1
1246	-104.559007	1.376691	1
1247	-104.554319	1.380515	1
1248	-104.553189	1.400804	1
1249	-104.550081	1.386733	1
1250	-104.548069	1.370716	1
1251	-104.547147	1.412172	1
1252	-104.541628	1.326837	1
1253	-104.53774	1.384299	1
1254	-104.537705	1.426594	1
1255	-104.534324	1.399439	1
1256	-104.533687	1.412414	1
1257	-104.533369	1.409852	1
1258	-104.530207	1.344414	1
1259	-104.528552	1.37331	1
1260	-104.527373	1.35706	1
1261	-104.526721	1.372042	1
1262	-104.509452	1.372311	1
1263	-104.509034	1.35867	1
1264	-104.505796	1.3948	1
1265	-104.503893	1.384304	1
1266	-104.501381	1.388498	1
1267	-104.496224	1.374945	1
1268	-104.494729	1.380102	1
1269	-104.487217	1.336743	1
1270	-104.484854	1.39836	1
1271	-104.474757	1.401696	1
1272	-104.473277	1.401174	1
1273	-104.470923	1.38116	1
1274	-104.468224	1.404419	1
1275	-104.463015	1.352187	1
1276	-104.457866	1.410202	1
1277	-104.448649	1.403697	1
1278	-104.448045	1.372681	1
1279	-104.447934	1.428779	1
1280	-104.446694	1.394391	1
1281	-104.445206	1.418883	1
1282	-104.444978	1.410424	1
1283	-104.442192	1.338887	1
1284	-104.441917	1.366061	1
1285	-104.438106	1.351662	1
1286	-104.435066	1.369299	1
1287	-104.433826	1.401447	1
1288	-104.433769	1.403276	1
1289	-104.428627	1.436131	1
1290	-104.428236	1.330085	1
1291	-104.423552	1.413269	1
1292	-104.422403	1.380024	1
1293	-104.417959	1.38915	1
1294	-104.413564	1.399927	1
1295	-104.410669	1.326278	1
1296	-104.40976	1.388209	1
1297	-104.408355	1.40508	1
1298	-104.407266	1.388536	1
1299	-104.406087	1.416408	1
1300	-104.405217	1.353906	1
1301	-104.396509	1.35468	1
1302	-104.394788	1.413133	1
1303	-104.394471	1.343425	1
1304	-104.390481	1.409654	1
1305	-104.383451	1.393141	1
1306	-104.381888	1.402853	1
1307	-104.375747	1.315282	1
1308	-104.375447	1.396025	1
1309	-104.371991	1.418488	1
1310	-104.369021	1.395481	1
1311	-104.368816	1.394726	1
1312	-104.36668	1.36031	1
1313	-104.362228	1.40136	1
1314	-104.361844	1.388822	1
1315	-104.355954	1.426143	1
1316	-104.353306	1.396798	1
1317	-104.349719	1.334727	1
1318	-104.347283	1.390539	1
1319	-104.345594	1.371637	1
1320	-104.341334	1.391782	1
1321	-104.337878	1.413057	1
1322	-104.329037	1.411596	1
1323	-104.326872	1.359832	1
1324	-104.322989	1.364404	1
1325	-104.320386	1.425009	1
1326	-104.31889	1.40956	1
1327	-104.314576	1.403758	1
1328	-104.314046	1.407482	1
1329	-104.313853	1.428755	1
1330	-104.304967	1.373641	1
1331	-104.304874	1.399594	1
1332	-104.304807	1.399055	1
1333	-104.303905	1.402778	1
1334	-104.302178	1.396876	1
1335	-104.301941	1.381997	1
1336	-104.295913	1.437343	1
1337	-104.290404	1.411185	1
1338	-104.290066	1.357692	1
1339	-104.288342	1.345639	1
1340	-104.284228	1.436826	1
1341	-104.277602	1.335085	1
1342	-104.276563	1.411721	1
1343	-104.274797	1.373646	1
1344	-104.274353	1.417656	1
1345	-104.27285	1.408042	1
1346	-104.272654	1.380824	1
1347	-104.271319	1.40107	1
1348	-104.26251	1.394911	1
1349	-104.261054	1.414495	1
1350	-104.260689	1.399192	1
1351	-104.25349	1.394447	1
1352	-104.252255	1.417685	1
1353	-104.248366	1.352896	1
1354	-104.245425	1.388615	1
1355	-104.244949	1.398818	1
1356	-104.240706	1.361516	1
1357	-104.237974	1.393895	1
1358	-104.235965	1.390756	1
1359	-104.234234	1.371683	1
1360	-104.233169	1.380269	1
1361	-104.232927	1.374961	1
1362	-104.229852	1.398957	1
1363	-104.223571	1.321633	1
1364	-104.222604	1.383096	1
1365	-104.221731	1.37942	1
1366	-104.220899	1.373342	1
1367	-104.21881	1.373238	1
1368	-104.217845	1.372965	1
1369	-104.216706	1.342202	1
1370	-104.21616	1.362542	1
1371	-104.208975	1.369072	1
1372	-104.205872	1.431354	1
1373	-104.201837	1.35122	1
1374	-104.200764	1.424349	1
1375	-104.19878	1.390408	1
1376	-104.192974	1.397046	1
1377	-104.189752	1.418494	1
1378	-104.18628	1.336278	1
1379	-104.185914	1.296729	1
1380	-104.176634	1.373417	1
1381	-104.174707	1.41112	1
1382	-104.172781	1.419395	1
1383	-104.159898	1.385896	1
1384	-104.159822	1.367003	1
1385	-104.157313	1.412127	1
1386	-104.157252	1.397275	1
1387	-104.147569	1.397857	1
1388	-104.146809	1.398169	1
1389	-104.144535	1.377111	1
1390	-104.137955	1.400089	1
1391	-104.137027	1.39356	1
1392	-104.134956	1.398323	1
1393	-104.132244	1.38035	1
1394	-104.13168	1.364528	1
1395	-104.131012	1.340365	1
1396	-104.130654	1.37791	1
1397	-104.129342	1.368001	1
1398	-104.125111	1.34455	1
1399	-104.12054	1.386826	1
1400	-104.117682	1.370256	1
1401	-104.117145	1.3851	1
1402	-104.110239	1.40269	1
1403	-104.103997	1.372739	1
1404	-104.097046	1.388486	1
1405	-104.094449	1.298103	1
1406	-104.083588	1.396603	1
1407	-104.08234	1.38747	1
1408	-104.080727	1.402666	1
1409	-104.079286	1.376453	1
1410	-104.075023	1.393718	1
1411	-104.072425	1.364894	1
1412	-104.06928	1.39736	1
1413	-104.067659	1.374603	1
1414	-104.066098	1.355491	1
1415	-104.065132	1.355645	1
1416	-104.056671	1.408856	1
1417	-104.045842	1.345567	1
1418	-104.045459	1.420196	1
1419	-104.04219	1.41272	1
1420	-104.037768	1.403938	1
1421	-104.034518	1.346278	1
1422	-104.033293	1.380016	1
1423	-104.0289	1.305894	1
1424	-104.027146	1.420162	1
1425	-104.02474	1.393166	1
1426	-104.018309	1.410106	1
1427	-104.014554	1.380938	1
1428	-104.006741	1.4128	1
1429	-104.00631	1.396963	1
1430	-104.004903	1.373342	1
1431	-104.004126	1.357628	1
1432	-104.001959	1.409203	1
1433	-104.0012	1.425122	1
1434	-103.99832	1.397265	1
1435	-103.997344	1.342788	1
1436	-103.996695	1.395475	1
1437	-103.996084	1.379247	1
1438	-103.993737	1.410745	1
1439	-103.992546	1.422768	1
1440	-103.990967	1.356843	1
1441	-103.98981	1.392048	1
1442	-103.987324	1.401457	1
1443	-103.985587	1.354013	1
1444	-103.979473	1.403346	1
1445	-103.975549	1.387582	1
1446	-103.970256	1.420381	1
1447	-103.966268	1.391165	1
1448	-103.964674	1.34304	1
1449	-103.95794	1.368441	1
1450	-103.957164	1.38792	1
1451	-103.95327	1.411018	1
1452	-103.948397	1.399099	1
1453	-103.944463	1.312925	1
1454	-103.944237	1.419745	1
1455	-103.944094	1.356729	1
1456	-103.937971	1.407085	1
1457	-103.93506	1.351184	1
1458	-103.929819	1.423434	1
1459	-103.92773	1.381105	1
1460	-103.922586	1.350162	1
1461	-103.917728	1.397745	1
1462	-103.917393	1.376766	1
1463	-103.914135	1.34117	1
1464	-103.908998	1.40409	1
1465	-103.907706	1.327791	1
1466	-103.9072	1.386337	1
1467	-103.90564	1.403727	1
1468	-103.905254	1.421824	1
1469	-103.901122	1.399831	1
1470	-103.897707	1.371626	1
1471	-103.896801	1.381782	1
1472	-103.89346	1.416709	1
1473	-103.893417	1.408717	1
1474	-103.892986	1.381432	1
1475	-103.892045	1.374836	1
1476	-103.889035	1.349325	1
1477	-103.888326	1.403831	1
1478	-103.88586	1.381007	1
1479	-103.885202	1.352346	1
1480	-103.884495	1.396451	1
1481	-103.87705	1.372524	1
1482	-103.873379	1.387158	1
1483	-103.870163	1.413627	1
1484	-103.8681	1.430621	1
1485	-103.864278	1.394409	1
1486	-103.862957	1.435789	1
1487	-103.861954	1.390686	1
1488	-103.86071	1.328538	1
1489	-103.859647	1.3536	1
1490	-103.857332	1.367736	1
1491	-103.856069	1.381791	1
1492	-103.855072	1.368922	1
1493	-103.855044	1.380986	1
1494	-103.854386	1.293336	1
1495	-103.853225	1.37099	1
1496	-103.848162	1.356061	1
1497	-103.835045	1.390866	1
1498	-103.833484	1.361226	1
1499	-103.830589	1.376734	1
1500	-103.821805	1.40413	1
1501	-103.821399	1.394692	1
1502	-103.821325	1.370897	1
1503	-103.818949	1.373557	1
1504	-103.814906	1.385172	1
1505	-103.812914	1.416534	1
1506	-103.81268	1.393479	1
1507	-103.808559	1.334867	1
1508	-103.805218	1.4271	1
1509	-103.797196	1.336864	1
1510	-103.795889	1.419213	1
1511	-103.782323	1.317452	1
1512	-103.779012	1.340662	1
1513	-103.778053	1.391619	1
1514	-103.7749	1.414037	1
1515	-103.762336	1.42893	1
1516	-103.761711	1.388213	1
1517	-103.756641	1.382513	1
1518	-103.748966	1.330289	1
1519	-103.748829	1.385355	1
1520	-103.747307	1.41923	1
1521	-103.745496	1.401271	1
1522	-103.737954	1.337164	1
1523	-103.72943	1.353221	1
1524	-103.718371	1.373513	1
1525	-103.717275	1.39275	1
1526	-103.716864	1.423336	1
1527	-103.714834	1.397559	1
1528	-103.714104	1.379343	1
1529	-103.713901	1.40889	1
1530	-103.712866	1.390238	1
1531	-103.709363	1.427183	1
1532	-103.707916	1.396878	1
1533	-103.706344	1.401221	1
1534	-103.702563	1.383099	1
1535	-103.702553	1.445585	1
1536	-103.701712	1.402928	1
1537	-103.700964	1.378169	1
1538	-103.696553	1.414806	1
1539	-103.69569	1.381312	1
1540	-103.68886	1.414474	1
1541	-103.684218	1.36478	1
1542	-103.682375	1.323032	1
1543	-103.681361	1.420611	1
1544	-103.676908	1.406093	1
1545	-103.67515	1.397237	1
1546	-103.673927	1.407681	1
1547	-103.673544	1.372442	1
1548	-103.668347	1.378704	1
1549	-103.668215	1.399987	1
1550	-103.663425	1.362565	1
1551	-103.662674	1.372824	1
1552	-103.656288	1.356925	1
1553	-103.652845	1.414677	1
1554	-103.650225	1.35752	1
1555	-103.650223	1.409393	1
1556	-103.642545	1.390356	1
1557	-103.639154	1.370816	1
1558	-103.638454	1.411318	1
1559	-103.62876	1.358245	1
1560	-103.626041	1.393471	1
1561	-103.623477	1.372083	1
1562	-103.620365	1.3749	1
1563	-103.620059	1.365014	1
1564	-103.615093	1.332085	1
1565	-103.613102	1.408779	1
1566	-103.60794	1.381227	1
1567	-103.605803	1.397881	1
1568	-103.604649	1.39564	1
1569	-103.604151	1.413405	1
1570	-103.599779	1.379285	1
1571	-103.599522	1.369257	1
1572	-103.599156	1.351988	1
1573	-103.597652	1.424385	1
