0	-123.447151	1.450255	1
1	-121.558759	1.458836	1
2	-121.268736	1.47926	1
3	-121.169502	1.48203	1
4	-121.080159	1.450041	1
5	-121.064827	1.478919	1
6	-120.989591	1.438492	1
7	-120.931002	1.441525	1
8	-120.748303	1.47864	1
9	-120.600724	1.485163	1
10	-120.560038	1.484109	1
11	-120.463175	1.433508	1
12	-120.326942	1.48394	1
13	-120.213695	1.471588	1
14	-120.002906	1.484816	1
15	-119.908588	1.4479	1
16	-119.90248	1.453858	1
17	-119.603435	1.481161	1
18	-119.020001	1.464124	1
19	-118.885531	1.454073	1
20	-118.818761	1.441279	1
21	-118.721963	1.43725	1
22	-118.670025	1.420082	1
23	-118.625287	1.423135	1
24	-118.515849	1.401029	1
25	-118.461951	1.459144	1
26	-118.458297	1.463601	1
27	-118.456461	1.472495	1
28	-118.378624	1.497851	1
29	-118.377469	1.445175	1
30	-118.330689	1.431448	1
31	-118.315684	1.426438	1
32	-118.248349	1.416079	1
33	-118.233249	1.457219	1
34	-118.215273	1.438029	1
35	-118.21095	1.469919	1
36	-118.10125	1.44137	1
37	-118.089981	1.480641	1
38	-118.028112	1.400078	1
39	-117.946511	1.402731	1
40	-117.859421	1.416709	1
41	-117.803238	1.459762	1
42	-117.694812	1.441035	1
43	-117.60324	1.440981	1
44	-117.591746	1.495411	1
45	-117.558972	1.486392	1
46	-117.552521	1.4483	1
47	-117.545688	1.453916	1
48	-117.516121	1.459887	1
49	-117.507083	1.445634	1
50	-117.476504	1.44554	1
51	-117.433122	1.492341	1
52	-117.416647	1.446019	1
53	-117.402328	1.433247	1
54	-117.345151	1.421642	1
55	-117.260914	1.420994	1
56	-117.11714	1.390513	1
57	-117.114992	1.487608	1
58	-117.086957	1.47289	1
59	-117.075092	1.465363	1
60	-117.046629	1.424791	1
61	-117.044763	1.447333	1
62	-117.005745	1.452444	1
63	-116.884293	1.460832	1
64	-116.874252	1.414101	1
65	-116.874252	1.414101	1
66	-116.856239	1.483696	1
67	-116.854682	1.446476	1
68	-116.854492	1.444051	1
69	-116.782255	1.459649	1
70	-116.661409	1.454467	1
71	-116.643166	1.45116	1
72	-116.64161	1.463166	1
73	-116.606754	1.439108	1
74	-116.528792	1.455835	1
75	-116.502308	1.4071	1
76	-116.502289	1.407101	1
77	-116.502286	1.4071	1
78	-116.495341	1.441707	1
79	-116.45903	1.392738	1
80	-116.419643	1.461886	1
81	-116.406825	1.41541	1
82	-116.406821	1.41541	1
83	-116.406723	1.41541	1
84	-116.406709	1.41541	1
85	-116.396074	1.417128	1
86	-116.390949	1.41521	1
87	-116.390926	1.415209	1
88	-116.380058	1.443202	1
89	-116.357114	1.464053	1
90	-116.266939	1.420765	1
91	-116.251221	1.435532	1
92	-116.241554	1.430377	1
93	-116.230673	1.439036	1
94	-116.226805	1.446673	1
95	-116.20543	1.43838	1
96	-116.189145	1.425845	1
97	-116.156546	1.422197	1
98	-116.12924	1.417807	1
99	-116.106761	1.425039	1
100	-116.097455	1.441729	1
101	-116.095968	1.441713	1
102	-116.095855	1.441711	1
103	-116.095678	1.441711	1
104	-116.083648	1.441751	1
105	-116.083642	1.441751	1
106	-116.083639	1.441751	1
107	-116.083639	1.44175	1
108	-116.083638	1.441751	1
109	-116.083638	1.44175	1
110	-116.083638	1.441751	1
111	-116.083638	1.441751	1
112	-116.083637	1.441751	1
113	-116.083637	1.441751	1
114	-116.083636	1.441751	1
115	-116.083636	1.441751	1
116	-116.083635	1.441749	1
117	-116.083635	1.44175	1
118	-116.083634	1.441751	1
119	-116.083634	1.441751	1
120	-116.083634	1.441751	1
121	-116.083633	1.441751	1
122	-116.083627	1.441751	1
123	-116.083624	1.441751	1
124	-116.083619	1.441751	1
125	-116.083618	1.441751	1
126	-116.083613	1.441751	1
127	-116.083593	1.441751	1
128	-116.083489	1.441751	1
129	-116.078894	1.441663	1
130	-116.078824	1.441663	1
131	-116.078818	1.441662	1
132	-116.078818	1.441663	1
133	-116.078816	1.441662	1
134	-116.078813	1.441662	1
135	-116.078811	1.441663	1
136	-116.078811	1.441662	1
137	-116.07881	1.441663	1
138	-116.07881	1.441664	1
139	-116.078809	1.441662	1
140	-116.078809	1.441662	1
141	-116.078809	1.441663	1
142	-116.078808	1.441662	1
143	-116.078807	1.441661	1
144	-116.078807	1.441662	1
145	-116.078807	1.441662	1
146	-116.078806	1.441663	1
147	-116.078805	1.441661	1
148	-116.078804	1.441662	1
149	-116.078802	1.441662	1
150	-116.078792	1.441662	1
151	-116.078789	1.441662	1
152	-116.078789	1.441662	1
153	-116.078774	1.441663	1
154	-116.078739	1.441663	1
155	-116.078736	1.441663	1
156	-116.078705	1.441663	1
157	-116.078699	1.441661	1
158	-116.068087	1.441717	1
159	-116.067053	1.441707	1
160	-116.066695	1.441704	1
161	-116.066131	1.441697	1
162	-116.055188	1.417898	1
163	-115.997	1.439449	1
164	-115.987326	1.406507	1
165	-115.925338	1.415597	1
166	-115.913934	1.440383	1
167	-115.897661	1.429441	1
168	-115.890504	1.407214	1
169	-115.886364	1.434401	1
170	-115.871369	1.450484	1
171	-115.807667	1.415182	1
172	-115.794478	1.414964	1
173	-115.791245	1.388385	1
174	-115.785784	1.401046	1
175	-115.765898	1.446326	1
176	-115.728608	1.430154	1
177	-115.725733	1.4531	1
178	-115.72228	1.439967	1
179	-115.648187	1.437637	1
180	-115.644309	1.403797	1
181	-115.613378	1.415073	1
182	-115.575565	1.410507	1
183	-115.575561	1.410507	1
184	-115.563057	1.411546	1
185	-115.557255	1.443845	1
186	-115.549416	1.410406	1
187	-115.450648	1.447525	1
188	-115.450235	1.412602	1
189	-115.438739	1.451269	1
190	-115.408151	1.429905	1
191	-115.395047	1.450041	1
192	-115.386201	1.420006	1
193	-115.384338	1.438421	1
194	-115.36823	1.430437	1
195	-115.340113	1.437338	1
196	-115.327506	1.396765	1
197	-115.298627	1.450317	1
198	-115.292415	1.410474	1
199	-115.289908	1.401845	1
200	-115.288971	1.399327	1
201	-115.262989	1.462108	1
202	-115.257466	1.430517	1
203	-115.256091	1.459154	1
204	-115.25596	1.429031	1
205	-115.254428	1.421871	1
206	-115.250191	1.443215	1
207	-115.240556	1.461998	1
208	-115.21067	1.429139	1
209	-115.205871	1.422724	1
210	-115.186334	1.455424	1
211	-115.172331	1.409056	1
212	-115.159415	1.418589	1
213	-115.154591	1.428991	1
214	-115.101949	1.411236	1
215	-115.094958	1.431258	1
216	-115.093218	1.440118	1
217	-115.058189	1.437041	1
218	-115.057694	1.425964	1
219	-115.049165	1.414491	1
220	-115.049078	1.413329	1
221	-115.049052	1.41449	1
222	-115.043607	1.419999	1
223	-115.016722	1.447791	1
224	-114.998532	1.444104	1
225	-114.94322	1.448432	1
226	-114.930751	1.435456	1
227	-114.894801	1.443687	1
228	-114.889201	1.413875	1
229	-114.871458	1.438673	1
230	-114.867698	1.440132	1
231	-114.843214	1.437963	1
232	-114.829394	1.431815	1
233	-114.814885	1.433111	1
234	-114.797231	1.442281	1
235	-114.791096	1.430665	1
236	-114.782585	1.417512	1
237	-114.767392	1.393663	1
238	-114.766256	1.455728	1
239	-114.761749	1.439457	1
240	-114.760604	1.437266	1
241	-114.759073	1.422106	1
242	-114.747458	1.429773	1
243	-114.651027	1.391092	1
244	-114.615513	1.443319	1
245	-114.605646	1.433964	1
246	-114.604464	1.45201	1
247	-114.588584	1.44104	1
248	-114.576217	1.434941	1
249	-114.571205	1.394555	1
250	-114.49909	1.432847	1
251	-114.494234	1.450354	1
252	-114.492435	1.415254	1
253	-114.491287	1.447577	1
254	-114.488298	1.381119	1
255	-114.483975	1.377348	1
256	-114.468398	1.44642	1
257	-114.454368	1.422678	1
258	-114.445164	1.423924	1
259	-114.440655	1.475647	1
260	-114.424695	1.430495	1
261	-114.38542	1.432432	1
262	-114.362999	1.443303	1
263	-114.362053	1.451337	1
264	-114.342282	1.387141	1
265	-114.337365	1.455808	1
266	-114.336959	1.431749	1
267	-114.314231	1.42327	1
268	-114.298308	1.428853	1
269	-114.290752	1.4323	1
270	-114.270878	1.440854	1
271	-114.205282	1.417349	1
272	-114.201107	1.407489	1
273	-114.17062	1.424099	1
274	-114.165395	1.40921	1
275	-114.152196	1.440993	1
276	-114.150535	1.430927	1
277	-114.149486	1.456651	1
278	-114.125231	1.428137	1
279	-114.121915	1.432516	1
280	-114.119228	1.437805	1
281	-114.114306	1.41778	1
282	-114.107537	1.43175	1
283	-114.08286	1.451142	1
284	-114.080706	1.450335	1
285	-114.070692	1.451875	1
286	-114.059479	1.458557	1
287	-114.04303	1.407171	1
288	-114.042063	1.431938	1
289	-114.026351	1.443236	1
290	-114.02493	1.433228	1
291	-114.020442	1.422452	1
292	-114.008926	1.424298	1
293	-114.005835	1.449559	1
294	-113.980481	1.440724	1
295	-113.947994	1.42569	1
296	-113.940742	1.420479	1
297	-113.918454	1.415371	1
298	-113.91183	1.438797	1
299	-113.909957	1.4411	1
300	-113.896812	1.444962	1
301	-113.889924	1.441044	1
302	-113.884794	1.392813	1
303	-113.874768	1.419021	1
304	-113.873619	1.42535	1
305	-113.856115	1.430583	1
306	-113.852569	1.390397	1
307	-113.845252	1.426319	1
308	-113.814014	1.415436	1
309	-113.810793	1.468901	1
310	-113.80397	1.435393	1
311	-113.801309	1.383355	1
312	-113.796294	1.406434	1
313	-113.794491	1.419172	1
314	-113.756995	1.379716	1
315	-113.743191	1.423854	1
316	-113.740923	1.405581	1
317	-113.704886	1.396185	1
318	-113.704776	1.427336	1
319	-113.704251	1.433709	1
320	-113.699791	1.417121	1
321	-113.688246	1.384862	1
322	-113.685221	1.456032	1
323	-113.651322	1.463881	1
324	-113.638798	1.421977	1
325	-113.635787	1.458424	1
326	-113.609599	1.423042	1
327	-113.607642	1.427324	1
328	-113.605545	1.415252	1
329	-113.588209	1.400488	1
330	-113.588066	1.400486	1
331	-113.58455	1.41018	1
332	-113.569924	1.423109	1
333	-113.545714	1.416078	1
334	-113.537813	1.435609	1
335	-113.537165	1.424425	1
336	-113.533936	1.447951	1
337	-113.489912	1.43409	1
338	-113.461735	1.465686	1
339	-113.458117	1.426243	1
340	-113.452914	1.423569	1
341	-113.443952	1.423403	1
342	-113.438438	1.406157	1
343	-113.435493	1.436458	1
344	-113.400215	1.401107	1
345	-113.394096	1.38442	1
346	-113.35166	1.387523	1
347	-113.305672	1.45898	1
348	-113.294685	1.476774	1
349	-113.284684	1.431949	1
350	-113.246611	1.432657	1
351	-113.246604	1.432657	1
352	-113.246553	1.432657	1
353	-113.24615	1.429029	1
354	-113.228887	1.432587	1
355	-113.22888	1.432587	1
356	-113.228877	1.432587	1
357	-113.220002	1.414997	1
358	-113.214908	1.405757	1
359	-113.213298	1.435094	1
360	-113.211956	1.423564	1
361	-113.202056	1.477447	1
362	-113.183361	1.43286	1
363	-113.175047	1.444467	1
364	-113.169327	1.426566	1
365	-113.16264	1.303903	1
366	-113.159194	1.371718	1
367	-113.149014	1.450727	1
368	-113.129109	1.431013	1
369	-113.127973	1.430253	1
370	-113.123529	1.435788	1
371	-113.104651	1.466589	1
372	-113.079412	1.399938	1
373	-113.078191	1.419473	1
374	-113.072141	1.404472	1
375	-113.05195	1.390475	1
376	-113.04608	1.422579	1
377	-113.043289	1.41475	1
378	-113.023774	1.464817	1
379	-113.023774	1.464818	1
380	-113.023773	1.464818	1
381	-113.019455	1.417383	1
382	-113.018643	1.392665	1
383	-113.017633	1.425384	1
384	-113.002018	1.408655	1
385	-113.001394	1.424097	1
386	-112.997328	1.372064	1
387	-112.997318	1.408471	1
388	-112.99722	1.372064	1
389	-112.980097	1.430809	1
390	-112.966452	1.401645	1
391	-112.954522	1.413286	1
392	-112.953759	1.450601	1
393	-112.952456	1.40221	1
394	-112.922404	1.430511	1
395	-112.914224	1.427088	1
396	-112.88159	1.437802	1
397	-112.863469	1.425475	1
398	-112.862336	1.422337	1
399	-112.851235	1.428491	1
400	-112.850233	1.432101	1
401	-112.843095	1.448418	1
402	-112.8398	1.433066	1
403	-112.837955	1.413374	1
404	-112.816632	1.435642	1
405	-112.813634	1.425399	1
406	-112.801843	1.366123	1
407	-112.796165	1.421266	1
408	-112.792683	1.381403	1
409	-112.767488	1.442534	1
410	-112.763062	1.433441	1
411	-112.752067	1.421707	1
412	-112.740292	1.363763	1
413	-112.727444	1.430335	1
414	-112.725202	1.422512	1
415	-112.706938	1.431182	1
416	-112.700478	1.433655	1
417	-112.679492	1.427561	1
418	-112.652734	1.41748	1
419	-112.646435	1.450685	1
420	-112.640241	1.434534	1
421	-112.637768	1.420403	1
422	-112.627513	1.418667	1
423	-112.625903	1.419262	1
424	-112.615173	1.460491	1
425	-112.615063	1.409534	1
426	-112.612954	1.432123	1
427	-112.59087	1.426787	1
428	-112.583869	1.415637	1
429	-112.573088	1.410066	1
430	-112.5725	1.458035	1
431	-112.567278	1.421508	1
432	-112.566099	1.411026	1
433	-112.564973	1.430078	1
434	-112.560113	1.38643	1
435	-112.557143	1.418832	1
436	-112.549959	1.42861	1
437	-112.531757	1.396575	1
438	-112.516265	1.463996	1
439	-112.512417	1.399578	1
440	-112.498716	1.433949	1
441	-112.491243	1.387103	1
442	-112.485681	1.410739	1
443	-112.482671	1.446353	1
444	-112.481218	1.376745	1
445	-112.477843	1.421261	1
446	-112.458698	1.440615	1
447	-112.453885	1.371234	1
448	-112.44365	1.418983	1
449	-112.440886	1.40395	1
450	-112.438748	1.443324	1
451	-112.423233	1.430646	1
452	-112.420472	1.440306	1
453	-112.40108	1.405333	1
454	-112.400632	1.385	1
455	-112.400384	1.400653	1
456	-112.384313	1.361022	1
457	-112.365985	1.364618	1
458	-112.351918	1.463723	1
459	-112.349953	1.430795	1
460	-112.332525	1.400558	1
461	-112.317894	1.396373	1
462	-112.309396	1.430778	1
463	-112.309115	1.365809	1
464	-112.307733	1.417601	1
465	-112.307578	1.375679	1
466	-112.287158	1.444898	1
467	-112.282799	1.3811	1
468	-112.261147	1.387289	1
469	-112.238574	1.395363	1
470	-112.228077	1.442287	1
471	-112.22121	1.418646	1
472	-112.219385	1.436368	1
473	-112.21281	1.429917	1
474	-112.203285	1.362085	1
475	-112.192884	1.367559	1
476	-112.187133	1.415557	1
477	-112.183439	1.432513	1
478	-112.182067	1.406972	1
479	-112.171034	1.477528	1
480	-112.164637	1.433688	1
481	-112.160253	1.368869	1
482	-112.149697	1.426797	1
483	-112.144394	1.395523	1
484	-112.129924	1.38464	1
485	-112.111416	1.420526	1
486	-112.086188	1.399127	1
487	-112.063078	1.454479	1
488	-112.061652	1.421153	1
489	-112.050422	1.378328	1
490	-112.047537	1.447368	1
491	-112.040767	1.404569	1
492	-112.026551	1.40657	1
493	-112.017218	1.45104	1
494	-112.015152	1.422472	1
495	-112.014894	1.42302	1
496	-111.997204	1.426904	1
497	-111.996641	1.447436	1
498	-111.995623	1.423862	1
499	-111.994317	1.426872	1
500	-111.992633	1.42696	1
501	-111.99263	1.42696	1
502	-111.992628	1.426961	1
503	-111.992626	1.42696	1
504	-111.992623	1.426959	1
505	-111.992604	1.42696	1
506	-111.988833	1.434676	1
507	-111.984894	1.43362	1
508	-111.978509	1.426909	1
509	-111.974641	1.406167	1
510	-111.974402	1.426753	1
511	-111.974328	1.426754	1
512	-111.974324	1.426754	1
513	-111.974305	1.426754	1
514	-111.974303	1.426754	1
515	-111.974302	1.426754	1
516	-111.974302	1.426754	1
517	-111.974298	1.426754	1
518	-111.974297	1.426754	1
519	-111.946209	1.426445	1
520	-111.939515	1.4258	1
521	-111.937844	1.433014	1
522	-111.92976	1.407265	1
523	-111.925445	1.416659	1
524	-111.922372	1.418392	1
525	-111.919844	1.430548	1
526	-111.918067	1.404508	1
527	-111.914894	1.409903	1
528	-111.914748	1.460327	1
529	-111.914158	1.430029	1
530	-111.910944	1.415198	1
531	-111.908893	1.422393	1
532	-111.903684	1.385792	1
533	-111.893347	1.417217	1
534	-111.874153	1.414775	1
535	-111.864405	1.436366	1
536	-111.86407	1.460425	1
537	-111.853271	1.348906	1
538	-111.848837	1.398327	1
539	-111.831096	1.391187	1
540	-111.828823	1.422912	1
541	-111.826102	1.407687	1
542	-111.81727	1.385845	1
543	-111.816828	1.412498	1
544	-111.801074	1.375175	1
545	-111.800896	1.437569	1
546	-111.79638	1.437203	1
547	-111.794643	1.39813	1
548	-111.781268	1.414614	1
549	-111.766202	1.408947	1
550	-111.763486	1.405014	1
551	-111.744359	1.419164	1
552	-111.730353	1.449162	1
553	-111.725066	1.413016	1
554	-111.724518	1.443684	1
555	-111.70378	1.408846	1
556	-111.701483	1.406954	1
557	-111.688821	1.471746	1
558	-111.682884	1.413603	1
559	-111.664273	1.441672	1
560	-111.659051	1.450697	1
561	-111.654122	1.38937	1
562	-111.640779	1.429796	1
563	-111.637243	1.420979	1
564	-111.633175	1.408073	1
565	-111.632738	1.391491	1
566	-111.626535	1.429275	1
567	-111.617721	1.426937	1
568	-111.609561	1.452797	1
569	-111.606962	1.460562	1
570	-111.603655	1.426738	1
571	-111.594576	1.421759	1
572	-111.58471	1.34716	1
573	-111.554927	1.390715	1
574	-111.547861	1.41449	1
575	-111.54409	1.425971	1
576	-111.537669	1.408883	1
577	-111.534385	1.471741	1
578	-111.522217	1.375532	1
579	-111.519988	1.441147	1
580	-111.515728	1.413364	1
581	-111.501494	1.370632	1
582	-111.48457	1.385164	1
583	-111.483381	1.376322	1
584	-111.482395	1.396989	1
585	-111.473526	1.442059	1
586	-111.468513	1.396023	1
587	-111.460868	1.404779	1
588	-111.460543	1.427128	1
589	-111.459947	1.448331	1
590	-111.455932	1.366877	1
591	-111.452886	1.39885	1
592	-111.441694	1.40916	1
593	-111.434765	1.391888	1
594	-111.431445	1.38427	1
595	-111.43055	1.409376	1
596	-111.429194	1.449203	1
597	-111.41608	1.401502	1
598	-111.41498	1.413876	1
599	-111.405767	1.40299	1
600	-111.404285	1.414524	1
601	-111.39009	1.405917	1
602	-111.384165	1.454181	1
603	-111.379993	1.382457	1
604	-111.379095	1.419499	1
605	-111.36065	1.448179	1
606	-111.350532	1.440736	1
607	-111.349245	1.399269	1
608	-111.336295	1.411413	1
609	-111.326208	1.410216	1
610	-111.322001	1.449495	1
611	-111.321767	1.438449	1
612	-111.314876	1.418378	1
613	-111.310119	1.451531	1
614	-111.295745	1.427839	1
615	-111.288469	1.461856	1
616	-111.283123	1.445327	1
617	-111.279834	1.430585	1
618	-111.270291	1.385141	1
619	-111.243948	1.45221	1
620	-111.243331	1.464393	1
621	-111.24267	1.376928	1
622	-111.226284	1.423184	1
623	-111.226105	1.409634	1
624	-111.211794	1.402145	1
625	-111.210763	1.411322	1
626	-111.208439	1.400428	1
627	-111.200432	1.406358	1
628	-111.197976	1.388901	1
629	-111.190033	1.432379	1
630	-111.186602	1.420017	1
631	-111.183635	1.459116	1
632	-111.175699	1.450671	1
633	-111.175063	1.396598	1
634	-111.17145	1.365251	1
635	-111.168466	1.422243	1
636	-111.165211	1.393314	1
637	-111.152861	1.387836	1
638	-111.142371	1.34652	1
639	-111.113411	1.413814	1
640	-111.10101	1.406494	1
641	-111.098582	1.406904	1
642	-111.069013	1.436727	1
643	-111.066164	1.375818	1
644	-111.05322	1.360035	1
645	-111.047121	1.402931	1
646	-111.04245	1.42272	1
647	-111.034004	1.420943	1
648	-111.026515	1.36698	1
649	-111.026481	1.443165	1
650	-111.018937	1.358075	1
651	-111.003389	1.388716	1
652	-110.993801	1.430023	1
653	-110.990141	1.373921	1
654	-110.97821	1.365782	1
655	-110.978192	1.410948	1
656	-110.96981	1.432156	1
657	-110.965387	1.434738	1
658	-110.964861	1.426724	1
659	-110.955976	1.388854	1
660	-110.942285	1.43293	1
661	-110.94136	1.438012	1
662	-110.931473	1.397616	1
663	-110.931374	1.399853	1
664	-110.92385	1.384488	1
665	-110.920133	1.406296	1
666	-110.907605	1.355061	1
667	-110.904878	1.40699	1
668	-110.898779	1.379858	1
669	-110.885628	1.370012	1
670	-110.874923	1.339153	1
671	-110.870138	1.371678	1
672	-110.867813	1.394996	1
673	-110.864626	1.373707	1
674	-110.8611	1.400968	1
675	-110.860488	1.39064	1
676	-110.847605	1.412875	1
677	-110.846352	1.388958	1
678	-110.842186	1.401907	1
679	-110.838375	1.407172	1
680	-110.831951	1.394738	1
681	-110.830308	1.43929	1
682	-110.811353	1.409357	1
683	-110.800183	1.408746	1
684	-110.799717	1.395319	1
685	-110.798353	1.4037	1
686	-110.797839	1.381074	1
687	-110.7953	1.418171	1
688	-110.789099	1.424498	1
689	-110.787007	1.389464	1
690	-110.782457	1.411404	1
691	-110.781847	1.423922	1
692	-110.780179	1.397453	1
693	-110.771965	1.395479	1
694	-110.76962	1.428032	1
695	-110.736454	1.408798	1
696	-110.733005	1.376164	1
697	-110.72362	1.412246	1
698	-110.715611	1.407847	1
699	-110.713259	1.409977	1
700	-110.71114	1.445768	1
701	-110.709822	1.428992	1
702	-110.709062	1.353025	1
703	-110.702119	1.40128	1
704	-110.69928	1.410572	1
705	-110.696402	1.447225	1
706	-110.693123	1.413807	1
707	-110.691676	1.4105	1
708	-110.690128	1.381321	1
709	-110.689681	1.42409	1
710	-110.686457	1.431195	1
711	-110.676842	1.368436	1
712	-110.675988	1.402725	1
713	-110.674551	1.374351	1
714	-110.668094	1.377443	1
715	-110.6625	1.43366	1
716	-110.6528	1.347003	1
717	-110.647773	1.402888	1
718	-110.646556	1.432203	1
719	-110.634453	1.380181	1
720	-110.631438	1.324153	1
721	-110.624809	1.402613	1
722	-110.624266	1.446535	1
723	-110.618524	1.423887	1
724	-110.614128	1.430492	1
725	-110.599197	1.412367	1
726	-110.5913	1.398978	1
727	-110.586257	1.402229	1
728	-110.583518	1.397307	1
729	-110.578307	1.359364	1
730	-110.575584	1.407958	1
731	-110.570905	1.426941	1
732	-110.567591	1.414745	1
733	-110.562201	1.355922	1
734	-110.555909	1.430107	1
735	-110.55531	1.442057	1
736	-110.552306	1.405495	1
737	-110.545008	1.407988	1
738	-110.532389	1.42059	1
739	-110.519897	1.418803	1
740	-110.516273	1.409431	1
741	-110.505156	1.446192	1
742	-110.50301	1.466328	1
743	-110.502377	1.434913	1
744	-110.488187	1.424667	1
745	-110.483323	1.382192	1
746	-110.476458	1.371393	1
747	-110.469886	1.373396	1
748	-110.467021	1.424647	1
749	-110.463533	1.383953	1
750	-110.457287	1.447106	1
751	-110.448323	1.408652	1
752	-110.41918	1.409057	1
753	-110.41655	1.373143	1
754	-110.409526	1.409228	1
755	-110.409345	1.404245	1
756	-110.395122	1.377934	1
757	-110.395116	1.388125	1
758	-110.391582	1.428098	1
759	-110.389441	1.395524	1
760	-110.382981	1.378896	1
761	-110.374639	1.426379	1
762	-110.37139	1.410501	1
763	-110.370412	1.363874	1
764	-110.366154	1.324527	1
765	-110.360667	1.453739	1
766	-110.359396	1.400612	1
767	-110.353594	1.388539	1
768	-110.349317	1.427562	1
769	-110.335787	1.408756	1
770	-110.327857	1.385448	1
771	-110.325939	1.416332	1
772	-110.325749	1.389427	1
773	-110.323731	1.367524	1
774	-110.318769	1.387308	1
775	-110.316399	1.404372	1
776	-110.31289	1.413808	1
777	-110.310697	1.382024	1
778	-110.302258	1.42468	1
779	-110.290132	1.410642	1
780	-110.288698	1.444754	1
781	-110.280184	1.368407	1
782	-110.269385	1.422983	1
783	-110.268427	1.403693	1
784	-110.266967	1.394385	1
785	-110.265735	1.388572	1
786	-110.264683	1.427466	1
787	-110.242612	1.372456	1
788	-110.228183	1.402885	1
789	-110.208716	1.441177	1
790	-110.189557	1.403208	1
791	-110.18616	1.423823	1
792	-110.18487	1.397398	1
793	-110.179863	1.408256	1
794	-110.173771	1.41172	1
795	-110.173395	1.388287	1
796	-110.16651	1.413358	1
797	-110.159557	1.353435	1
798	-110.157194	1.387855	1
799	-110.156345	1.406062	1
800	-110.154676	1.412267	1
801	-110.153203	1.365882	1
802	-110.149383	1.43303	1
803	-110.147053	1.430957	1
804	-110.143663	1.424951	1
805	-110.137385	1.376381	1
806	-110.117926	1.399008	1
807	-110.117723	1.385535	1
808	-110.117131	1.400085	1
809	-110.11606	1.382728	1
810	-110.105753	1.407825	1
811	-110.104954	1.414217	1
812	-110.084065	1.41191	1
813	-110.079712	1.405075	1
814	-110.078129	1.419148	1
815	-110.069328	1.365794	1
816	-110.050809	1.406872	1
817	-110.04775	1.441753	1
818	-110.043697	1.414834	1
819	-110.041527	1.425455	1
820	-110.032495	1.373861	1
821	-110.030759	1.428784	1
822	-110.02128	1.423656	1
823	-110.002735	1.411022	1
824	-109.999798	1.381317	1
825	-109.992988	1.403401	1
826	-109.990441	1.403212	1
827	-109.983191	1.350045	1
828	-109.981459	1.412031	1
829	-109.979284	1.38895	1
830	-109.978952	1.393892	1
831	-109.978703	1.430367	1
832	-109.971178	1.430201	1
833	-109.969401	1.365162	1
834	-109.961818	1.398985	1
835	-109.958743	1.384429	1
836	-109.957969	1.406101	1
837	-109.953877	1.420475	1
838	-109.947115	1.36202	1
839	-109.947073	1.420743	1
840	-109.946944	1.343071	1
841	-109.946477	1.398623	1
842	-109.933486	1.376841	1
843	-109.926048	1.408062	1
844	-109.924033	1.434567	1
845	-109.920077	1.412723	1
846	-109.917492	1.41885	1
847	-109.913815	1.332818	1
848	-109.90954	1.401611	1
849	-109.907617	1.407522	1
850	-109.907293	1.398384	1
851	-109.903135	1.394778	1
852	-109.902543	1.394333	1
853	-109.902023	1.406903	1
854	-109.891852	1.33662	1
855	-109.884465	1.395098	1
856	-109.871996	1.410598	1
857	-109.851588	1.417084	1
858	-109.851366	1.402975	1
859	-109.84739	1.421365	1
860	-109.845386	1.413273	1
861	-109.841375	1.437517	1
862	-109.837901	1.387001	1
863	-109.830474	1.377914	1
864	-109.829862	1.394238	1
865	-109.828846	1.36534	1
866	-109.827442	1.366482	1
867	-109.816547	1.382981	1
868	-109.813447	1.351056	1
869	-109.812871	1.391801	1
870	-109.812652	1.404058	1
871	-109.807232	1.353682	1
872	-109.805945	1.409269	1
873	-109.801448	1.397838	1
874	-109.801413	1.381845	1
875	-109.800129	1.418531	1
876	-109.795688	1.420461	1
877	-109.795249	1.361489	1
878	-109.7844	1.374648	1
879	-109.78204	1.395802	1
880	-109.779306	1.407972	1
881	-109.772121	1.417214	1
882	-109.768583	1.445363	1
883	-109.76217	1.455193	1
884	-109.746944	1.418535	1
885	-109.745152	1.37412	1
886	-109.732697	1.339955	1
887	-109.713165	1.394502	1
888	-109.697788	1.401771	1
889	-109.68735	1.41215	1
890	-109.68642	1.456321	1
891	-109.686383	1.456321	1
892	-109.684334	1.383874	1
893	-109.684299	1.456458	1
894	-109.684297	1.456458	1
895	-109.684295	1.456458	1
896	-109.679912	1.405201	1
897	-109.664799	1.456349	1
898	-109.656699	1.418485	1
899	-109.649893	1.407261	1
900	-109.645777	1.445701	1
901	-109.636901	1.347485	1
902	-109.636725	1.402255	1
903	-109.624166	1.431149	1
904	-109.62267	1.363389	1
905	-109.622118	1.417245	1
906	-109.616912	1.399288	1
907	-109.61365	1.374974	1
908	-109.610059	1.411336	1
909	-109.609641	1.414007	1
910	-109.607223	1.399173	1
911	-109.604793	1.413528	1
912	-109.593161	1.419205	1
913	-109.588892	1.402649	1
914	-109.584574	1.395066	1
915	-109.580594	1.394908	1
916	-109.573871	1.441973	1
917	-109.571603	1.435904	1
918	-109.569397	1.4148	1
919	-109.545631	1.420205	1
920	-109.535005	1.426168	1
921	-109.527864	1.40287	1
922	-109.526468	1.419727	1
923	-109.513447	1.32346	1
924	-109.50836	1.37323	1
925	-109.502694	1.445952	1
926	-109.501256	1.406884	1
927	-109.496966	1.353579	1
928	-109.49308	1.42255	1
929	-109.487853	1.359193	1
930	-109.479514	1.419155	1
931	-109.471654	1.411907	1
932	-109.468328	1.411935	1
933	-109.467323	1.361092	1
934	-109.457753	1.456586	1
935	-109.449066	1.37327	1
936	-109.443069	1.37826	1
937	-109.42422	1.386762	1
938	-109.418676	1.411146	1
939	-109.414786	1.455501	1
940	-109.408426	1.392262	1
941	-109.403022	1.411717	1
942	-109.401089	1.416488	1
943	-109.396517	1.388163	1
944	-109.393607	1.437191	1
945	-109.386895	1.406303	1
946	-109.382197	1.355294	1
947	-109.377192	1.380444	1
948	-109.376286	1.388336	1
949	-109.36951	1.366376	1
950	-109.367889	1.359434	1
951	-109.361598	1.377238	1
952	-109.358433	1.425309	1
953	-109.348785	1.413528	1
954	-109.346572	1.432604	1
955	-109.346525	1.353762	1
956	-109.342924	1.408495	1
957	-109.321349	1.402279	1
958	-109.316834	1.406801	1
959	-109.316704	1.370504	1
960	-109.316632	1.396153	1
961	-109.311258	1.436543	1
962	-109.307493	1.400682	1
963	-109.292391	1.410271	1
964	-109.289519	1.437593	1
965	-109.274917	1.433874	1
966	-109.27057	1.399994	1
967	-109.253433	1.42875	1
968	-109.24932	1.412373	1
969	-109.234824	1.383133	1
970	-109.229376	1.406697	1
971	-109.22857	1.381479	1
972	-109.228248	1.384773	1
973	-109.228179	1.394382	1
974	-109.224872	1.385485	1
975	-109.223796	1.452368	1
976	-109.22152	1.404342	1
977	-109.209765	1.451453	1
978	-109.198454	1.399686	1
979	-109.197949	1.378654	1
980	-109.193188	1.404362	1
981	-109.185552	1.376859	1
982	-109.182358	1.428454	1
983	-109.177953	1.338262	1
984	-109.174389	1.412779	1
985	-109.172609	1.416483	1
986	-109.167082	1.405089	1
987	-109.156745	1.433778	1
988	-109.151916	1.376744	1
989	-109.151384	1.424971	1
990	-109.135243	1.43067	1
991	-109.133143	1.458461	1
992	-109.131485	1.37991	1
993	-109.128425	1.350379	1
994	-109.127717	1.379332	1
995	-109.118276	1.403177	1
996	-109.100887	1.39804	1
997	-109.088976	1.396762	1
998	-109.086733	1.41407	1
999	-109.085853	1.347864	1
1000	-109.083748	1.356112	1
1001	-109.083688	1.399473	1
1002	-109.072657	1.431467	1
1003	-109.072507	1.398453	1
1004	-109.071712	1.435786	1
1005	-109.066792	1.418067	1
1006	-109.055303	1.390765	1
1007	-109.048868	1.38548	1
1008	-109.035727	1.421055	1
1009	-109.033448	1.414406	1
1010	-109.027512	1.379972	1
1011	-109.026149	1.374093	1
1012	-109.021514	1.380993	1
1013	-109.018258	1.414748	1
1014	-108.998158	1.399949	1
1015	-108.996016	1.383059	1
1016	-108.994623	1.39121	1
1017	-108.988445	1.431346	1
1018	-108.986905	1.396481	1
1019	-108.984802	1.41117	1
1020	-108.978388	1.404059	1
1021	-108.976893	1.414803	1
1022	-108.976414	1.380461	1
1023	-108.975896	1.425231	1
1024	-108.972713	1.388613	1
1025	-108.968873	1.378443	1
1026	-108.967584	1.426107	1
1027	-108.940984	1.385192	1
1028	-108.938002	1.440927	1
1029	-108.936318	1.403948	1
1030	-108.935383	1.401496	1
1031	-108.930476	1.407895	1
1032	-108.92997	1.339944	1
1033	-108.923267	1.408763	1
1034	-108.908794	1.367978	1
1035	-108.900642	1.365741	1
1036	-108.899864	1.384381	1
1037	-108.899015	1.436318	1
1038	-108.894878	1.403739	1
1039	-108.888726	1.403889	1
1040	-108.879761	1.360436	1
1041	-108.878733	1.382354	1
1042	-108.868121	1.405657	1
1043	-108.866667	1.424432	1
1044	-108.862513	1.42857	1
1045	-108.85947	1.420962	1
1046	-108.859014	1.436057	1
1047	-108.857261	1.38793	1
1048	-108.856755	1.40338	1
1049	-108.847884	1.336174	1
1050	-108.845792	1.386389	1
1051	-108.838596	1.338425	1
1052	-108.832128	1.370076	1
1053	-108.829916	1.383126	1
1054	-108.827668	1.396389	1
1055	-108.826232	1.357268	1
1056	-108.81676	1.358099	1
1057	-108.811324	1.409084	1
1058	-108.808333	1.359763	1
1059	-108.807819	1.390266	1
1060	-108.801027	1.376775	1
1061	-108.796111	1.394585	1
1062	-108.793391	1.404694	1
1063	-108.792681	1.352066	1
1064	-108.790675	1.383125	1
1065	-108.790554	1.366667	1
1066	-108.787343	1.385605	1
1067	-108.787161	1.393965	1
1068	-108.782523	1.413952	1
1069	-108.782407	1.445148	1
1070	-108.778845	1.382941	1
1071	-108.771295	1.407642	1
1072	-108.765902	1.409954	1
1073	-108.765231	1.397311	1
1074	-108.76485	1.381488	1
1075	-108.762867	1.437085	1
1076	-108.756642	1.394878	1
1077	-108.755186	1.415076	1
1078	-108.752321	1.336924	1
1079	-108.740134	1.429357	1
1080	-108.737999	1.417007	1
1081	-108.737809	1.333638	1
1082	-108.737481	1.408628	1
1083	-108.735437	1.376357	1
1084	-108.731923	1.396876	1
1085	-108.731475	1.434	1
1086	-108.731051	1.41323	1
1087	-108.724539	1.413932	1
1088	-108.720717	1.393238	1
1089	-108.714923	1.371587	1
1090	-108.713668	1.423711	1
1091	-108.709532	1.441459	1
1092	-108.708843	1.405531	1
1093	-108.705677	1.394282	1
1094	-108.697046	1.383455	1
1095	-108.695526	1.414867	1
1096	-108.68822	1.45517	1
1097	-108.684068	1.387229	1
1098	-108.683001	1.398624	1
1099	-108.679797	1.388964	1
1100	-108.676588	1.463986	1
1101	-108.67639	1.361026	1
1102	-108.6733	1.364427	1
1103	-108.668481	1.376559	1
1104	-108.667065	1.398415	1
1105	-108.665683	1.430901	1
1106	-108.662956	1.399685	1
1107	-108.654324	1.428383	1
1108	-108.654269	1.414685	1
1109	-108.648991	1.383004	1
1110	-108.644753	1.35466	1
1111	-108.627738	1.429142	1
1112	-108.622293	1.377312	1
1113	-108.619919	1.372093	1
1114	-108.617197	1.371045	1
1115	-108.617125	1.429146	1
1116	-108.617113	1.429146	1
1117	-108.617113	1.429146	1
1118	-108.617112	1.429147	1
1119	-108.61711	1.429147	1
1120	-108.617109	1.429147	1
1121	-108.61607	1.402225	1
1122	-108.614592	1.397148	1
1123	-108.613518	1.408693	1
1124	-108.611344	1.401219	1
1125	-108.607766	1.429178	1
1126	-108.607758	1.429178	1
1127	-108.607752	1.429178	1
1128	-108.607744	1.429178	1
1129	-108.60774	1.429178	1
1130	-108.607739	1.429178	1
1131	-108.607732	1.429178	1
1132	-108.604895	1.392079	1
1133	-108.603705	1.385824	1
1134	-108.592431	1.373357	1
1135	-108.578936	1.433405	1
1136	-108.577558	1.418865	1
1137	-108.576951	1.410562	1
1138	-108.575789	1.34935	1
1139	-108.5682	1.385072	1
1140	-108.562935	1.389304	1
1141	-108.562727	1.394161	1
1142	-108.561422	1.347779	1
1143	-108.559319	1.419436	1
1144	-108.555571	1.388651	1
1145	-108.553791	1.359501	1
1146	-108.5485	1.367178	1
1147	-108.548161	1.411248	1
1148	-108.54813	1.411247	1
1149	-108.547286	1.405983	1
1150	-108.537318	1.396199	1
1151	-108.52804	1.434031	1
1152	-108.526887	1.413767	1
1153	-108.515048	1.408309	1
1154	-108.511962	1.41117	1
1155	-108.503905	1.447388	1
1156	-108.49842	1.439451	1
1157	-108.496083	1.42875	1
1158	-108.487461	1.433634	1
1159	-108.48706	1.422956	1
1160	-108.48395	1.383947	1
1161	-108.482158	1.428724	1
1162	-108.482141	1.428724	1
1163	-108.479606	1.394153	1
1164	-108.47787	1.41651	1
1165	-108.473585	1.428759	1
1166	-108.473559	1.428759	1
1167	-108.473435	1.428759	1
1168	-108.470369	1.397284	1
1169	-108.466649	1.433764	1
1170	-108.464897	1.402247	1
1171	-108.463397	1.428774	1
1172	-108.462337	1.402526	1
1173	-108.453165	1.408429	1
