0	-119.957308	1.476963	1
1	-118.261707	1.460868	1
2	-116.748332	1.463804	1
3	-116.601414	1.505426	1
4	-115.956241	1.445013	1
5	-115.956195	1.444396	1
6	-115.562414	1.441271	1
7	-115.096658	1.438549	1
8	-115.014815	1.415371	1
9	-114.987716	1.442383	1
10	-114.856317	1.433572	1
11	-114.625339	1.46643	1
12	-114.504714	1.447958	1
13	-114.428536	1.473194	1
14	-114.413015	1.440499	1
15	-114.304124	1.426533	1
16	-114.284602	1.4671	1
17	-114.233437	1.468798	1
18	-114.184829	1.418648	1
19	-114.137813	1.497067	1
20	-113.89101	1.429453	1
21	-113.738749	1.458703	1
22	-113.678993	1.461069	1
23	-113.670385	1.421571	1
24	-113.624795	1.447694	1
25	-113.545709	1.455167	1
26	-113.436748	1.390252	1
27	-113.427939	1.416768	1
28	-113.2687	1.458521	1
29	-113.233031	1.452091	1
30	-113.198285	1.443895	1
31	-113.170459	1.463514	1
32	-113.163107	1.436612	1
33	-112.990667	1.447331	1
34	-112.85101	1.451617	1
35	-112.822998	1.394275	1
36	-112.727794	1.426193	1
37	-112.674691	1.444891	1
38	-112.647751	1.387541	1
39	-112.63311	1.42103	1
40	-112.582205	1.446734	1
41	-112.559305	1.437014	1
42	-112.495236	1.420077	1
43	-112.466491	1.463593	1
44	-112.429476	1.412433	1
45	-112.410367	1.398646	1
46	-112.368614	1.438392	1
47	-112.338113	1.43884	1
48	-112.22249	1.402756	1
49	-112.216929	1.46608	1
50	-112.208816	1.418011	1
51	-112.207613	1.40562	1
52	-112.199574	1.468166	1
53	-112.191797	1.468161	1
54	-112.130674	1.419938	1
55	-112.1187	1.434019	1
56	-112.103161	1.421013	1
57	-112.095937	1.433334	1
58	-112.034989	1.43909	1
59	-111.956374	1.413904	1
60	-111.935722	1.422882	1
61	-111.930001	1.400104	1
62	-111.910647	1.442202	1
63	-111.898347	1.407154	1
64	-111.896789	1.410771	1
65	-111.866219	1.425285	1
66	-111.819105	1.446733	1
67	-111.75505	1.444773	1
68	-111.704573	1.454133	1
69	-111.685101	1.452412	1
70	-111.682433	1.450403	1
71	-111.681766	1.455229	1
72	-111.654551	1.394519	1
73	-111.642397	1.428318	1
74	-111.620471	1.433867	1
75	-111.563047	1.483114	1
76	-111.561779	1.387566	1
77	-111.532705	1.46098	1
78	-111.504205	1.437521	1
79	-111.50036	1.433493	1
80	-111.38192	1.444536	1
81	-111.381791	1.432447	1
82	-111.276196	1.427451	1
83	-111.270737	1.433245	1
84	-111.25638	1.461265	1
85	-111.2503	1.434083	1
86	-111.213815	1.418215	1
87	-111.19059	1.428137	1
88	-111.163569	1.393433	1
89	-111.159451	1.49499	1
90	-111.141869	1.413214	1
91	-111.121577	1.473675	1
92	-111.039404	1.441909	1
93	-111.033188	1.431385	1
94	-111.02212	1.458602	1
95	-111.010098	1.421957	1
96	-111.008963	1.439652	1
97	-111.00751	1.444606	1
98	-110.977425	1.43792	1
99	-110.924983	1.430086	1
100	-110.923343	1.425204	1
101	-110.904648	1.432267	1
102	-110.872197	1.4539	1
103	-110.835154	1.364204	1
104	-110.829243	1.436845	1
105	-110.807353	1.420711	1
106	-110.767669	1.436211	1
107	-110.752299	1.425891	1
108	-110.752206	1.425891	1
109	-110.75219	1.425891	1
110	-110.752186	1.425891	1
111	-110.752182	1.425891	1
112	-110.752073	1.425851	1
113	-110.752065	1.42585	1
114	-110.752056	1.42585	1
115	-110.75205	1.425851	1
116	-110.752047	1.42585	1
117	-110.752029	1.42585	1
118	-110.749882	1.441656	1
119	-110.745879	1.416131	1
120	-110.730847	1.423224	1
121	-110.7015	1.390238	1
122	-110.636314	1.44164	1
123	-110.635905	1.4466	1
124	-110.635855	1.4466	1
125	-110.635855	1.446602	1
126	-110.632662	1.446562	1
127	-110.632662	1.446562	1
128	-110.628373	1.394913	1
129	-110.616656	1.377123	1
130	-110.583249	1.437647	1
131	-110.573206	1.41606	1
132	-110.571224	1.429644	1
133	-110.564366	1.430616	1
134	-110.552153	1.45296	1
135	-110.544817	1.416031	1
136	-110.540143	1.405574	1
137	-110.531267	1.432271	1
138	-110.499834	1.447371	1
139	-110.495797	1.41792	1
140	-110.403962	1.454064	1
141	-110.390663	1.414682	1
142	-110.283142	1.387683	1
143	-110.271501	1.38575	1
144	-110.225842	1.428282	1
145	-110.223707	1.394817	1
146	-110.183965	1.424508	1
147	-110.139244	1.448993	1
148	-110.124357	1.418885	1
149	-110.118854	1.429941	1
150	-110.102719	1.42321	1
151	-110.09323	1.441227	1
152	-110.093204	1.441226	1
153	-110.093188	1.441227	1
154	-110.093174	1.441226	1
155	-110.093171	1.441226	1
156	-110.09154	1.467137	1
157	-110.058572	1.434454	1
158	-110.058451	1.434454	1
159	-110.058448	1.434455	1
160	-110.0583	1.434455	1
161	-110.058276	1.434455	1
162	-110.056745	1.434416	1
163	-110.056679	1.434414	1
164	-110.056677	1.434414	1
165	-110.056659	1.434415	1
166	-110.035775	1.405238	1
167	-110.033338	1.409259	1
168	-110.003167	1.396862	1
169	-109.997103	1.458018	1
170	-109.991493	1.442972	1
171	-109.950438	1.40499	1
172	-109.943017	1.440041	1
173	-109.928014	1.441531	1
174	-109.91378	1.438745	1
175	-109.913718	1.418764	1
176	-109.911573	1.39317	1
177	-109.906235	1.434349	1
178	-109.902139	1.42342	1
179	-109.877307	1.431754	1
180	-109.870194	1.411491	1
181	-109.850552	1.440726	1
182	-109.848576	1.434581	1
183	-109.84565	1.439804	1
184	-109.845628	1.439804	1
185	-109.845593	1.439804	1
186	-109.845588	1.439804	1
187	-109.845587	1.439804	1
188	-109.84119	1.439706	1
189	-109.841171	1.439706	1
190	-109.798586	1.435952	1
191	-109.770235	1.456109	1
192	-109.766626	1.391446	1
193	-109.724148	1.430165	1
194	-109.721372	1.407946	1
195	-109.677305	1.460029	1
196	-109.628571	1.443547	1
197	-109.624148	1.434299	1
198	-109.624097	1.4343	1
199	-109.624088	1.4343	1
200	-109.624064	1.4343	1
201	-109.621295	1.455552	1
202	-109.610753	1.434221	1
203	-109.610748	1.434221	1
204	-109.610609	1.434221	1
205	-109.605318	1.46781	1
206	-109.568167	1.433324	1
207	-109.566307	1.439473	1
208	-109.526983	1.417876	1
209	-109.487384	1.395513	1
210	-109.474684	1.422397	1
211	-109.43066	1.422076	1
212	-109.403347	1.375922	1
213	-109.399066	1.426192	1
214	-109.36318	1.431113	1
215	-109.348647	1.422326	1
216	-109.345812	1.491799	1
217	-109.343976	1.402642	1
218	-109.339881	1.428512	1
219	-109.316972	1.404668	1
220	-109.264663	1.382975	1
221	-109.247733	1.463718	1
222	-109.238025	1.385887	1
223	-109.223053	1.424932	1
224	-109.220383	1.425539	1
225	-109.204293	1.401374	1
226	-109.197016	1.412707	1
227	-109.185966	1.423131	1
228	-109.185133	1.381315	1
229	-109.180369	1.414449	1
230	-109.17966	1.410915	1
231	-109.17856	1.439382	1
232	-109.149154	1.398345	1
233	-109.127848	1.440602	1
234	-109.127564	1.464904	1
235	-109.112853	1.456769	1
236	-109.101071	1.414393	1
237	-109.087118	1.421772	1
238	-109.08608	1.433379	1
239	-109.085378	1.391686	1
240	-109.074763	1.376766	1
241	-109.0725	1.4263	1
242	-109.067531	1.417826	1
243	-109.065582	1.415746	1
244	-109.050657	1.428833	1
245	-109.049518	1.4342	1
246	-109.030591	1.427264	1
247	-109.025012	1.412695	1
248	-109.011245	1.362306	1
249	-108.989065	1.425628	1
250	-108.988491	1.403023	1
251	-108.955761	1.394224	1
252	-108.938536	1.399209	1
253	-108.938129	1.436051	1
254	-108.934037	1.39308	1
255	-108.913603	1.425101	1
256	-108.909596	1.427826	1
257	-108.903727	1.399413	1
258	-108.88221	1.437028	1
259	-108.868499	1.413332	1
260	-108.855056	1.417848	1
261	-108.850766	1.393559	1
262	-108.848241	1.408217	1
263	-108.844209	1.451126	1
264	-108.84239	1.427835	1
265	-108.841775	1.407422	1
266	-108.836454	1.433806	1
267	-108.81484	1.41449	1
268	-108.807496	1.513892	1
269	-108.791632	1.40857	1
270	-108.778808	1.410769	1
271	-108.769147	1.41037	1
272	-108.768457	1.398715	1
273	-108.743304	1.386247	1
274	-108.733448	1.461846	1
275	-108.717805	1.425169	1
276	-108.717289	1.424318	1
277	-108.693542	1.451084	1
278	-108.688614	1.368632	1
279	-108.686992	1.424715	1
280	-108.686515	1.443903	1
281	-108.679743	1.416777	1
282	-108.670273	1.433629	1
283	-108.667916	1.407835	1
284	-108.665742	1.432205	1
285	-108.639267	1.428952	1
286	-108.637231	1.455279	1
287	-108.632725	1.414672	1
288	-108.618982	1.408962	1
289	-108.617354	1.435173	1
290	-108.608081	1.438768	1
291	-108.594373	1.400243	1
292	-108.586399	1.429404	1
293	-108.585507	1.438373	1
294	-108.57075	1.414914	1
295	-108.560907	1.377139	1
296	-108.540441	1.369933	1
297	-108.536433	1.436737	1
298	-108.523654	1.398128	1
299	-108.510187	1.407448	1
300	-108.497706	1.432639	1
301	-108.496027	1.369235	1
302	-108.45723	1.457785	1
303	-108.435536	1.424813	1
304	-108.4324	1.429921	1
305	-108.427841	1.386124	1
306	-108.412048	1.456583	1
307	-108.40658	1.452245	1
308	-108.397308	1.458267	1
309	-108.372205	1.475369	1
310	-108.371812	1.385906	1
311	-108.367166	1.422596	1
312	-108.341793	1.414447	1
313	-108.341737	1.395182	1
314	-108.315569	1.435418	1
315	-108.272533	1.420619	1
316	-108.268046	1.448391	1
317	-108.257752	1.416516	1
318	-108.254029	1.44315	1
319	-108.253785	1.413628	1
320	-108.250861	1.41837	1
321	-108.23821	1.431338	1
322	-108.23387	1.420652	1
323	-108.225582	1.431053	1
324	-108.212476	1.463664	1
325	-108.18812	1.391438	1
326	-108.175626	1.378969	1
327	-108.155753	1.435319	1
328	-108.154457	1.413202	1
329	-108.15233	1.441999	1
330	-108.132807	1.423561	1
331	-108.130598	1.419147	1
332	-108.129126	1.415949	1
333	-108.121855	1.437269	1
334	-108.114343	1.409748	1
335	-108.105321	1.382864	1
336	-108.089219	1.446279	1
337	-108.087959	1.407734	1
338	-108.072867	1.375691	1
339	-108.064455	1.380185	1
340	-108.037788	1.407203	1
341	-108.032675	1.45925	1
342	-108.030523	1.431621	1
343	-108.024256	1.406492	1
344	-108.01428	1.431195	1
345	-107.980281	1.423528	1
346	-107.976437	1.43993	1
347	-107.951002	1.459111	1
348	-107.945561	1.385727	1
349	-107.926866	1.45679	1
350	-107.913256	1.400805	1
351	-107.912154	1.421904	1
352	-107.905692	1.410324	1
353	-107.902707	1.410069	1
354	-107.901583	1.432382	1
355	-107.896239	1.41208	1
356	-107.888903	1.352733	1
357	-107.886024	1.427903	1
358	-107.881597	1.406351	1
359	-107.878693	1.437082	1
360	-107.86212	1.439187	1
361	-107.853101	1.369214	1
362	-107.846176	1.415377	1
363	-107.840101	1.391276	1
364	-107.82809	1.443492	1
365	-107.808895	1.403348	1
366	-107.800354	1.395916	1
367	-107.792851	1.407922	1
368	-107.790291	1.39415	1
369	-107.778842	1.427046	1
370	-107.762794	1.412889	1
371	-107.752796	1.361914	1
372	-107.723785	1.412918	1
373	-107.72044	1.429973	1
374	-107.70963	1.426257	1
375	-107.707033	1.443538	1
376	-107.701068	1.370182	1
377	-107.691865	1.424007	1
378	-107.68757	1.409205	1
379	-107.671833	1.420536	1
380	-107.668754	1.43332	1
381	-107.667268	1.423942	1
382	-107.655645	1.419293	1
383	-107.653501	1.436126	1
384	-107.643107	1.349937	1
385	-107.642364	1.453774	1
386	-107.624147	1.370565	1
387	-107.618593	1.418036	1
388	-107.597511	1.413522	1
389	-107.5899	1.405514	1
390	-107.586019	1.43218	1
391	-107.571946	1.434449	1
392	-107.559534	1.438591	1
393	-107.557011	1.401941	1
394	-107.552691	1.428036	1
395	-107.551351	1.434912	1
396	-107.545848	1.43007	1
397	-107.533016	1.395326	1
398	-107.531254	1.404387	1
399	-107.498231	1.351371	1
400	-107.498186	1.414568	1
401	-107.496891	1.398886	1
402	-107.49429	1.426632	1
403	-107.487661	1.406263	1
404	-107.487647	1.345266	1
405	-107.479971	1.464714	1
406	-107.467642	1.42276	1
407	-107.467132	1.405965	1
408	-107.45156	1.407974	1
409	-107.451353	1.407553	1
410	-107.448698	1.424985	1
411	-107.439475	1.421825	1
412	-107.429782	1.417778	1
413	-107.423176	1.406472	1
414	-107.41403	1.43989	1
415	-107.412957	1.397944	1
416	-107.409767	1.417775	1
417	-107.408751	1.417907	1
418	-107.396839	1.413356	1
419	-107.396447	1.446752	1
420	-107.385684	1.433677	1
421	-107.382935	1.453888	1
422	-107.381594	1.416738	1
423	-107.375027	1.404638	1
424	-107.357227	1.420524	1
425	-107.353793	1.397341	1
426	-107.348961	1.411887	1
427	-107.33865	1.411055	1
428	-107.332911	1.417982	1
429	-107.328561	1.420241	1
430	-107.320174	1.459655	1
431	-107.320085	1.399362	1
432	-107.305297	1.382362	1
433	-107.298333	1.446658	1
434	-107.293008	1.401923	1
435	-107.287872	1.34527	1
436	-107.262337	1.404311	1
437	-107.253913	1.435259	1
438	-107.249554	1.451572	1
439	-107.244695	1.450195	1
440	-107.241538	1.408505	1
441	-107.23361	1.383637	1
442	-107.21575	1.420017	1
443	-107.214018	1.376431	1
444	-107.207998	1.436547	1
445	-107.205766	1.400315	1
446	-107.194983	1.38553	1
447	-107.187338	1.408732	1
448	-107.182762	1.421642	1
449	-107.180819	1.421461	1
450	-107.161575	1.391276	1
451	-107.142899	1.361926	1
452	-107.138144	1.435324	1
453	-107.126857	1.416334	1
454	-107.115861	1.41741	1
455	-107.097974	1.452278	1
456	-107.091278	1.389246	1
457	-107.080392	1.375525	1
458	-107.074977	1.404245	1
459	-107.074936	1.41784	1
460	-107.070093	1.403057	1
461	-107.05584	1.422646	1
462	-107.047381	1.415943	1
463	-107.035106	1.43587	1
464	-107.034598	1.420852	1
465	-107.024766	1.365483	1
466	-107.017407	1.331361	1
467	-107.009911	1.363295	1
468	-107.002361	1.395384	1
469	-107.002003	1.368158	1
470	-106.983261	1.437325	1
471	-106.974558	1.434581	1
472	-106.969321	1.348773	1
473	-106.966877	1.441255	1
474	-106.936209	1.366871	1
475	-106.922802	1.422693	1
476	-106.918963	1.389015	1
477	-106.909167	1.396285	1
478	-106.907742	1.436377	1
479	-106.906252	1.433079	1
480	-106.899283	1.455017	1
481	-106.898335	1.351323	1
482	-106.890466	1.366343	1
483	-106.888459	1.423676	1
484	-106.888285	1.407986	1
485	-106.887213	1.378377	1
486	-106.884849	1.396032	1
487	-106.881258	1.370227	1
488	-106.865158	1.375888	1
489	-106.854471	1.410992	1
490	-106.851324	1.361695	1
491	-106.845306	1.458791	1
492	-106.838804	1.377951	1
493	-106.838119	1.427786	1
494	-106.826355	1.407539	1
495	-106.822652	1.401341	1
496	-106.820474	1.386936	1
497	-106.817417	1.369055	1
498	-106.80913	1.403803	1
499	-106.796145	1.393983	1
500	-106.791725	1.378303	1
501	-106.790044	1.42501	1
502	-106.788258	1.417191	1
503	-106.77559	1.390241	1
504	-106.774981	1.360433	1
505	-106.773214	1.428573	1
506	-106.765948	1.423335	1
507	-106.759535	1.406645	1
508	-106.743396	1.441418	1
509	-106.738708	1.386371	1
510	-106.729437	1.38623	1
511	-106.720428	1.405509	1
512	-106.718112	1.427561	1
513	-106.712634	1.40932	1
514	-106.709732	1.467905	1
515	-106.709662	1.398076	1
516	-106.701945	1.390272	1
517	-106.701672	1.354257	1
518	-106.698994	1.403331	1
519	-106.698409	1.417982	1
520	-106.690462	1.398218	1
521	-106.679592	1.414224	1
522	-106.67676	1.412131	1
523	-106.665976	1.411111	1
524	-106.664864	1.432409	1
525	-106.661988	1.478499	1
526	-106.660232	1.393742	1
527	-106.655239	1.386303	1
528	-106.652505	1.395777	1
529	-106.625567	1.401072	1
530	-106.613162	1.409762	1
531	-106.604163	1.363576	1
532	-106.599559	1.346439	1
533	-106.592593	1.373296	1
534	-106.584317	1.460156	1
535	-106.584152	1.415653	1
536	-106.582849	1.402776	1
537	-106.566	1.367579	1
538	-106.550964	1.410174	1
539	-106.517942	1.403126	1
540	-106.511254	1.410407	1
541	-106.510803	1.412544	1
542	-106.507955	1.426857	1
543	-106.495264	1.419892	1
544	-106.492179	1.422097	1
545	-106.482096	1.419981	1
546	-106.473749	1.41541	1
547	-106.47196	1.423446	1
548	-106.458072	1.444901	1
549	-106.445325	1.403172	1
550	-106.445313	1.364168	1
551	-106.440937	1.411331	1
552	-106.440842	1.409514	1
553	-106.437104	1.423883	1
554	-106.419587	1.392601	1
555	-106.409106	1.440994	1
556	-106.40683	1.398548	1
557	-106.403068	1.437719	1
558	-106.374951	1.423604	1
559	-106.372851	1.421	1
560	-106.368762	1.404619	1
561	-106.366572	1.424828	1
562	-106.363319	1.394338	1
563	-106.359896	1.361955	1
564	-106.348405	1.333599	1
565	-106.33947	1.392177	1
566	-106.333086	1.314565	1
567	-106.31562	1.428253	1
568	-106.310426	1.412635	1
569	-106.309006	1.395302	1
570	-106.305521	1.396869	1
571	-106.298839	1.366335	1
572	-106.294918	1.403785	1
573	-106.291359	1.394514	1
574	-106.289467	1.412242	1
575	-106.278876	1.437573	1
576	-106.26697	1.431536	1
577	-106.260418	1.42322	1
578	-106.243483	1.419283	1
579	-106.233853	1.406318	1
580	-106.227233	1.330475	1
581	-106.218242	1.407731	1
582	-106.211574	1.411695	1
583	-106.205302	1.423479	1
584	-106.204033	1.41659	1
585	-106.202407	1.422303	1
586	-106.200832	1.44994	1
587	-106.198269	1.431033	1
588	-106.185943	1.397075	1
589	-106.182894	1.377267	1
590	-106.182724	1.368741	1
591	-106.178595	1.403301	1
592	-106.178589	1.418848	1
593	-106.170511	1.40693	1
594	-106.151778	1.358921	1
595	-106.14982	1.394226	1
596	-106.148915	1.388014	1
597	-106.148183	1.365812	1
598	-106.147548	1.363949	1
599	-106.147248	1.351651	1
600	-106.14588	1.356459	1
601	-106.145493	1.416536	1
602	-106.139774	1.341878	1
603	-106.138556	1.414952	1
604	-106.133577	1.393807	1
605	-106.132683	1.380444	1
606	-106.131537	1.395138	1
607	-106.128654	1.433752	1
608	-106.12285	1.411754	1
609	-106.1227	1.402591	1
610	-106.107257	1.405367	1
611	-106.101865	1.40882	1
612	-106.099432	1.434762	1
613	-106.098309	1.435963	1
614	-106.088924	1.394774	1
615	-106.088262	1.438365	1
616	-106.076684	1.409187	1
617	-106.067691	1.422728	1
618	-106.067068	1.414956	1
619	-106.062528	1.391316	1
620	-106.062416	1.270589	1
621	-106.055942	1.375202	1
622	-106.047511	1.37318	1
623	-106.037246	1.393885	1
624	-106.032072	1.385139	1
625	-106.026835	1.424881	1
626	-106.012261	1.360037	1
627	-106.005642	1.400303	1
628	-105.992944	1.446342	1
629	-105.984338	1.407709	1
630	-105.983609	1.39815	1
631	-105.974499	1.40387	1
632	-105.973549	1.434312	1
633	-105.971679	1.340668	1
634	-105.97098	1.428922	1
635	-105.963793	1.351854	1
636	-105.962017	1.407129	1
637	-105.961706	1.342451	1
638	-105.950349	1.364418	1
639	-105.949241	1.422965	1
640	-105.941573	1.407397	1
641	-105.931213	1.439443	1
642	-105.931164	1.429666	1
643	-105.930856	1.412607	1
644	-105.929922	1.398238	1
645	-105.919867	1.40851	1
646	-105.913862	1.357203	1
647	-105.904745	1.405776	1
648	-105.899996	1.409343	1
649	-105.897398	1.39121	1
650	-105.895981	1.442004	1
651	-105.888115	1.395183	1
652	-105.88504	1.413244	1
653	-105.883654	1.415497	1
654	-105.874588	1.381133	1
655	-105.869678	1.379801	1
656	-105.867673	1.334963	1
657	-105.865512	1.357612	1
658	-105.851952	1.384761	1
659	-105.840278	1.401639	1
660	-105.837462	1.382589	1
661	-105.828785	1.391917	1
662	-105.828231	1.37398	1
663	-105.823273	1.43285	1
664	-105.823106	1.412588	1
665	-105.821914	1.426174	1
666	-105.81724	1.408049	1
667	-105.814857	1.40431	1
668	-105.812692	1.369072	1
669	-105.80787	1.429635	1
670	-105.785747	1.398417	1
671	-105.77498	1.374149	1
672	-105.770002	1.427607	1
673	-105.768248	1.389909	1
674	-105.764773	1.453918	1
675	-105.764084	1.393187	1
676	-105.760231	1.37879	1
677	-105.741804	1.391192	1
678	-105.734058	1.386302	1
679	-105.731174	1.375612	1
680	-105.724926	1.402329	1
681	-105.714339	1.362576	1
682	-105.714114	1.392352	1
683	-105.70828	1.431455	1
684	-105.70794	1.429259	1
685	-105.70304	1.431744	1
686	-105.696669	1.434093	1
687	-105.685627	1.376458	1
688	-105.683192	1.388963	1
689	-105.674013	1.444612	1
690	-105.667862	1.418799	1
691	-105.66002	1.390025	1
692	-105.658355	1.408428	1
693	-105.656435	1.409648	1
694	-105.655354	1.38774	1
695	-105.645919	1.399369	1
696	-105.645006	1.396113	1
697	-105.640257	1.382787	1
698	-105.635709	1.37013	1
699	-105.613437	1.432343	1
700	-105.603098	1.413147	1
701	-105.599467	1.396836	1
702	-105.594017	1.450407	1
703	-105.590353	1.395789	1
704	-105.583884	1.43413	1
705	-105.568627	1.39815	1
706	-105.566482	1.403634	1
707	-105.566219	1.404289	1
708	-105.556731	1.428955	1
709	-105.550426	1.397141	1
710	-105.548963	1.37462	1
711	-105.546752	1.413975	1
712	-105.539188	1.437325	1
713	-105.538518	1.381359	1
714	-105.534072	1.425752	1
715	-105.528857	1.332106	1
716	-105.528849	1.39133	1
717	-105.514632	1.43	1
718	-105.506794	1.367856	1
719	-105.505099	1.372563	1
720	-105.496496	1.382921	1
721	-105.493231	1.400288	1
722	-105.492308	1.43789	1
723	-105.49164	1.353473	1
724	-105.488528	1.419253	1
725	-105.487202	1.400262	1
726	-105.485248	1.405748	1
727	-105.482233	1.430054	1
728	-105.473793	1.399024	1
729	-105.472897	1.367743	1
730	-105.464058	1.416865	1
731	-105.46141	1.413148	1
732	-105.454525	1.389697	1
733	-105.445604	1.376956	1
734	-105.438386	1.388526	1
735	-105.431	1.397019	1
736	-105.411278	1.398813	1
737	-105.407659	1.416903	1
738	-105.404088	1.347156	1
739	-105.399183	1.410444	1
740	-105.392728	1.390233	1
741	-105.391969	1.3952	1
742	-105.386385	1.413833	1
743	-105.382897	1.425412	1
744	-105.380011	1.404892	1
745	-105.37846	1.404831	1
746	-105.377961	1.384671	1
747	-105.374407	1.397931	1
748	-105.373646	1.428609	1
749	-105.373165	1.41286	1
750	-105.373023	1.373613	1
751	-105.362475	1.408226	1
752	-105.359121	1.423342	1
753	-105.346969	1.448056	1
754	-105.341598	1.402917	1
755	-105.340581	1.424791	1
756	-105.328254	1.401274	1
757	-105.326041	1.398491	1
758	-105.323848	1.353145	1
759	-105.315084	1.407404	1
760	-105.312996	1.437305	1
761	-105.312708	1.394292	1
762	-105.308493	1.348018	1
763	-105.304364	1.397584	1
764	-105.300842	1.405953	1
765	-105.287555	1.32322	1
766	-105.284928	1.43215	1
767	-105.278615	1.372079	1
768	-105.274369	1.39039	1
769	-105.273378	1.409613	1
770	-105.272007	1.39837	1
771	-105.266571	1.438328	1
772	-105.258663	1.398789	1
773	-105.25621	1.439578	1
774	-105.254899	1.399365	1
775	-105.253845	1.377016	1
776	-105.251866	1.374694	1
777	-105.246998	1.427427	1
778	-105.246193	1.406334	1
779	-105.24486	1.312276	1
780	-105.240398	1.387053	1
781	-105.239652	1.412591	1
782	-105.229783	1.360407	1
783	-105.229256	1.429903	1
784	-105.21177	1.338637	1
785	-105.20788	1.377517	1
786	-105.201489	1.393747	1
787	-105.189613	1.411112	1
788	-105.189037	1.376717	1
789	-105.185762	1.394738	1
790	-105.18311	1.44881	1
791	-105.179446	1.39422	1
792	-105.169872	1.403871	1
793	-105.163015	1.430524	1
794	-105.157443	1.427477	1
795	-105.147973	1.389215	1
796	-105.147159	1.399031	1
797	-105.146443	1.391322	1
798	-105.143654	1.408124	1
799	-105.142353	1.347032	1
800	-105.129651	1.384223	1
801	-105.119872	1.416512	1
802	-105.116637	1.377195	1
803	-105.105835	1.410433	1
804	-105.100332	1.353766	1
805	-105.099098	1.392842	1
806	-105.095188	1.355662	1
807	-105.094542	1.384542	1
808	-105.091769	1.391334	1
809	-105.091375	1.418218	1
810	-105.089929	1.410274	1
811	-105.089301	1.411673	1
812	-105.088306	1.370373	1
813	-105.080376	1.385804	1
814	-105.079459	1.377179	1
815	-105.074714	1.377072	1
816	-105.07261	1.390003	1
817	-105.053854	1.429039	1
818	-105.053449	1.381437	1
819	-105.051863	1.390455	1
820	-105.041295	1.433497	1
821	-105.035462	1.388992	1
822	-105.03527	1.377597	1
823	-105.032757	1.401779	1
824	-105.029449	1.31478	1
825	-105.026802	1.443908	1
826	-105.026078	1.377702	1
827	-105.023448	1.387623	1
828	-105.005149	1.382869	1
829	-105.002391	1.389002	1
830	-105.002357	1.389003	1
831	-105.002321	1.389003	1
832	-105.000453	1.425102	1
833	-104.991319	1.388926	1
834	-104.989032	1.402215	1
835	-104.980784	1.419294	1
836	-104.977902	1.417742	1
837	-104.9736	1.396283	1
838	-104.968435	1.340514	1
839	-104.966459	1.323575	1
840	-104.965656	1.403859	1
841	-104.965147	1.452666	1
842	-104.963359	1.423203	1
843	-104.960955	1.416095	1
