0	-151.555761	1.225892	1
1	-142.675883	1.329357	1
2	-142.228842	1.370835	1
3	-142.014388	1.369922	1
4	-139.982173	1.410658	1
5	-139.781928	1.409964	1
6	-139.704779	1.357896	1
7	-139.481683	1.356501	1
8	-139.067873	1.396287	1
9	-138.146848	1.356988	1
10	-137.397735	1.37305	1
11	-137.280426	1.341226	1
12	-137.078382	1.340559	1
13	-136.119923	1.386514	1
14	-135.368733	1.407242	1
15	-135.209294	1.370848	1
16	-135.009254	1.370182	1
17	-134.375423	1.349265	1
18	-134.321325	1.328589	1
19	-134.174328	1.348282	1
20	-134.169953	1.392223	1
21	-134.10812	1.328275	1
22	-133.933571	1.39066	1
23	-133.460997	1.285698	1
24	-133.33488	1.327141	1
25	-133.272134	1.351647	1
26	-133.261182	1.348589	1
27	-133.144316	1.274698	1
28	-132.980669	1.349816	1
29	-132.858194	1.346845	1
30	-132.375833	1.399571	1
31	-131.976073	1.229143	1
32	-131.816007	1.31659	1
33	-131.761464	1.228224	1
34	-151.5569025	1.225893	2
35	-148.141855	1.349548	2
36	-146.7486435	1.36241	2
37	-144.8547345	1.237484	2
38	-144.748262	1.362847	2
39	-142.6759815	1.329357	2
40	-142.4398035	1.249888	2
41	-142.3141725	1.270471	2
42	-142.2661365	1.351433	2
43	-142.2255665	1.37081	2
44	-142.2100955	1.276937	2
45	-140.8763625	1.279061	2
46	-140.7285305	1.293365	2
47	-140.6614485	1.291267	2
48	-140.174146	1.299953	2
49	-139.983191	1.410627	2
50	-139.776943	1.362186	2
51	-139.729926	1.306424	2
52	-139.683029	1.357779	2
53	-139.4068515	1.219149	2
54	-139.205038	1.354947	2
55	-139.1257955	1.402889	2
56	-139.0448075	1.396734	2
57	-138.999264	1.246651	2
58	-138.706934	1.324326	2
59	-138.6504515	1.256373	2
60	-138.5059865	1.261755	2
61	-138.395294	1.327469	2
62	-138.244556	1.358614	2
63	-138.097119	1.356745	2
64	-137.8985685	1.316279	2
65	-137.873305	1.291409	2
66	-137.780914	1.391699	2
67	-137.749772	1.394498	2
68	-137.7002435	1.301556	2
69	-137.631759	1.290257	2
70	-137.4064855	1.372607	2
71	-137.385118	1.277523	2
72	-137.310897	1.250866	2
73	-137.262376	1.341166	2
74	-137.2356855	1.267825	2
75	-137.222792	1.382309	2
76	-137.1476575	1.388491	2
77	-137.142151	1.270304	2
78	-137.063275	1.213183	2
79	-137.019467	1.388002	2
80	-136.9405755	1.375929	2
81	-136.9054265	1.359369	2
82	-136.686868	1.330631	2
83	-136.5874445	1.309638	2
84	-136.56017	1.366511	2
85	-136.478253	1.377627	2
86	-136.2322595	1.320504	2
87	-136.141838	1.349818	2
88	-136.1269385	1.380144	2
89	-136.1193135	1.386532	2
90	-136.089164	1.317927	2
91	-136.0156385	1.324445	2
92	-135.697751	1.408636	2
93	-135.5182605	1.228694	2
94	-135.4831015	1.336973	2
95	-135.47212	1.382161	2
96	-135.393926	1.235412	2
97	-135.367709	1.407247	2
98	-135.358582	1.394665	2
99	-135.3410365	1.315968	2
100	-135.214587	1.314976	2
101	-135.208903	1.278248	2
102	-135.19848	1.370801	2
103	-135.060141	1.310643	2
104	-135.0266095	1.229275	2
105	-134.934838	1.354781	2
106	-134.83883	1.332742	2
107	-134.6514355	1.33653	2
108	-134.6083775	1.379296	2
109	-134.6018365	1.223688	2
110	-134.5855895	1.299615	2
111	-134.482481	1.175855	2
112	-134.4323795	1.238331	2
113	-134.383901	1.349312	2
114	-134.3425545	1.328527	2
115	-134.1961825	1.392321	2
116	-134.16564	1.365602	2
117	-134.156594	1.320535	2
118	-134.153856	1.320292	2
119	-134.135244	1.310281	2
120	-134.1065305	1.348215	2
121	-134.0883145	1.328342	2
122	-134.074427	1.392303	2
123	-134.0552005	1.338079	2
124	-134.0444385	1.391429	2
125	-134.0444335	1.391429	2
126	-134.044428	1.391427	2
127	-134.043726	1.391426	2
128	-133.97492	1.320308	2
129	-133.9690695	1.336877	2
130	-133.9623975	1.37161	2
131	-133.8857825	1.364076	2
132	-133.878909	1.208028	2
133	-133.869562	1.242099	2
134	-133.77051	1.372475	2
135	-133.760408	1.214825	2
136	-133.6594715	1.283146	2
137	-133.641801	1.346481	2
138	-133.6375495	1.316742	2
139	-133.5034575	1.285569	2
140	-133.406863	1.326457	2
141	-133.3962425	1.363462	2
142	-133.3755805	1.298086	2
143	-133.3653825	1.222836	2
144	-133.3451205	1.380452	2
145	-133.3244445	1.256699	2
146	-133.324054	1.327173	2
147	-133.3204335	1.375423	2
148	-133.2723775	1.351649	2
149	-133.234469	1.280594	2
150	-133.1305495	1.232215	2
151	-133.128604	1.245175	2
152	-133.1185925	1.338746	2
153	-133.1108705	1.294577	2
154	-133.0716245	1.273586	2
155	-133.059832	1.254531	2
156	-133.049777	1.217763	2
157	-132.993634	1.349952	2
158	-132.9353625	1.224992	2
159	-132.930445	1.297992	2
160	-132.8358345	1.277791	2
161	-132.7662055	1.396056	2
162	-132.761162	1.360821	2
163	-132.7447335	1.36016	2
164	-132.7380305	1.190431	2
165	-132.7175075	1.186983	2
166	-132.681609	1.237854	2
167	-132.6573935	1.335375	2
168	-132.602413	1.378562	2
169	-132.4468325	1.399104	2
170	-132.4325015	1.138098	2
171	-132.4214175	1.36887	2
172	-132.407307	1.293569	2
173	-132.387387	1.353508	2
174	-132.3477255	1.351731	2
175	-132.3112905	1.317748	2
176	-132.2400695	1.13309	2
177	-132.1952635	1.318729	2
178	-132.1757635	1.317966	2
179	-132.1681495	1.188266	2
180	-132.163786	1.309486	2
181	-132.1572725	1.206242	2
182	-132.149006	1.379232	2
183	-132.1113605	1.315882	2
184	-132.1055025	1.21846	2
185	-132.067599	1.244145	2
186	-132.055408	1.401823	2
187	-132.0546	1.315776	2
188	-132.0316675	1.29957	2
189	-131.988573	1.356727	2
190	-131.9863125	1.190585	2
191	-131.916768	1.229017	2
192	-131.8564905	1.35693	2
193	-131.8425745	1.316826	2
194	-131.80363	1.178368	2
195	-131.793079	1.259299	2
196	-131.7810025	1.269569	2
197	-131.774458	1.309947	2
198	-131.746143	1.296787	2
199	-131.610092	1.356255	2
200	-131.594168	1.31757	2
201	-131.5651065	1.236936	2
